90 0 -0 12.188 0.0341504
85 0 -0 34.2066666666666 0.2219403
85 90 -0 23.6149281511323 0.127598266666667
85 180 -0 20.1864390746826 0.122801433333333
85 270 -0 24.4227504120663 0.2036798
80 0 -0 25.3413333333328 0.327660333333333
80 45 -0 15.2985581415875 0.0979419666666768
80 90 -0 -1.95821307827399 -0.0415879999999979
80 135 -0 -2.1992754184448 -0.1070195
80 180 -0 13.9827595419758 -0.00205343333333354
80 225 -0 -2.99022637044284 -0.138168933333331
80 270 505.995514472294 40.0054446369155 0.0372510333333356
80 315 1831.21890912565 45.3874269441871 0.354742733333333
75 0 -0 29.775 0.2985161
75 30 -0 5.13826366183787 -0.0329588
75 60 206.528615127145 4.81686608705812 0.0275761
75 90 105.00160000944 -6.35474627464179 -0.114612
75 120 -0 -6.31282268810506 -0.0672904
75 150 24.7497946161883 -9.42828526363373 0.0158027
75 180 -0 2.21790977217511 -0.0548268
75 210 -0 -6.37070678170859 -0.1588917
75 240 -0 -42.7834229167469 -0.182494
75 270 295.724828867102 25.9315604196905 0.0001078
75 300 -0 19.4846903879962 -0.0343056
75 330 2192.25634423375 26.15422317068 0.3743763
70 0 -0 47.6829999999986 0.250862100000001
70 22.5 600.849124439149 11.2181930652678 0.0846755333333326
70 45 -0 -6.27120091650144 -0.105590133333335
70 67.5 19.9980123762733 -26.684578453497 -0.166621866666668
70 90 632.708374737773 52.4553066746896 0.0212874999999993
70 112.5 135.759066542174 -6.89030428119549 0.0881131666666665
70 135 337.991504896028 5.12370216818592 -0.0548169000000014
70 157.5 14.2518003820643 -3.67306867906737 -0.0580462000000003
70 180 -0 -0.649471756346591 -0.0468626
70 202.5 64.2259941508262 -30.2721995824572 -0.122882433333334
70 225 -0 13.1460117514824 -0.0834051999999983
70 247.5 210.755721195271 6.75412458500103 -0.186361199999999
70 270 -0 -57.4195319647787 -0.367363266666666
70 292.5 16.2439880652698 -34.3985760538422 0.0267564666666678
70 315 2404.75363128527 41.0979016406417 0.163809066666667
70 337.5 255.264173679404 65.4214996375695 0.402678866666666
65 0 -0 47.0613333333324 0.196977066666667
65 18 310.010149349626 3.80253669859112 -0.0356603
65 36 3.25989161876313 44.946203058197 0.135982100000001
65 54 88.9545004319326 -17.4643845437252 0.0144179333333322
65 72 50.2477912072144 -9.21039506089734 -0.1158852
65 90 440.650962665755 -15.142573171732 -0.0837604000000009
65 108 454.510060276424 -1.53477340793597 -0.0779856
65 126 232.970180110197 -44.842055235746 -0.341791266666666
65 144 1572.45139311852 45.6610348888869 0.174218433333334
65 162 550.340367901035 4.57462322742147 0.1856914
65 180 7.27116071887498 -6.55349895349456 -0.0549413333333328
65 198 143.975390720305 16.5232291524329 0.0626435
65 216 1060.35839050762 58.1325923487268 0.321660899999996
65 234 88.0206215343725 -66.7904551803715 0.000281166666658981
65 252 389.238269319723 -24.3994872225614 -0.2444079
65 270 292.229517561369 -27.0223371946209 -0.288522066666666
65 288 193.956389610563 -30.7264619833927 -0.3975986
65 306 -0 78.7168542629526 0.252068433333337
65 324 -0 65.2486628888946 0.216890100000002
65 342 860.722624041652 89.3572422488066 0.683755
60 0 -0 21.472 0.0512479
60 15 251.755302862447 11.2841217667128 -0.1671149
60 30 3.74383293362353 -0.304259992923913 -0.1548989
60 45 169.744706892423 30.1770621536751 0.1541078
60 60 231.201268500552 42.373688074256 0.1763041
60 75 79.5154353129978 -13.5971595969702 -0.2071372
60 90 122.252012156743 -37.5868612243304 -0.1903939
60 105 408.511040043238 -11.9666011817284 -0.2249949
60 120 266.755348291173 -33.3419638607131 -0.2643734
60 135 281.916940066169 -23.237827899787 0.0535891
60 150 378.504366005664 29.419254274627 0.2385555
60 165 99.6343424583389 31.1899139474712 0.1894899
60 180 -0 -39.3792415542969 -0.2041376
60 195 -0 7.85835847123318 0.1736921
60 210 1377.56197037853 163.361846446345 0.1071237
60 225 1040.48540430496 7.67934285531035 0.41161
60 240 463.754974944287 -21.6502182540613 -0.089418
60 255 438.749997257343 -21.9972994917242 -0.3081564
60 270 -0 -36.9791231030766 -0.5538081
60 285 167.990763979649 -14.2712231044606 -0.1726543
60 300 -0 -11.2602300130858 0.1319248
60 315 0.250281247460367 27.5278733316949 0.2959458
60 330 -0 62.2166700779744 0.5216576
60 345 -0 37.8880423890006 0.1388928
55 0 -0 -6.06366666666634 -0.0594096999999998
55 12.85714 -0 16.2056760769014 0.0238712754400004
55 25.71429 142.768711338078 34.7574423007459 0.00474509655999998
55 38.57143 167.128318108066 5.66991589817208 0.0586376130133336
55 51.42857 110.710633680666 20.3085333503345 0.172505908586667
55 64.28571 155.076236203445 -0.925885795068539 -0.0286640880799999
55 77.14286 106.667167192544 -27.4190992444364 -0.199659951137777
55 90 651.018318711715 13.3797260353446 -0.0678663333333346
55 102.85714 589.922706810624 -22.665276472181 -0.286182653733334
55 115.71429 688.389523636233 -28.2445086196612 -0.0320359691199994
55 128.57143 498.769627410663 -0.412666885803287 0.167295797746667
55 141.42857 -0 7.2095572819534 0.0586002080000003
55 154.28571 -0 5.14729868540156 0.266259894800001
55 167.14286 -0 166.2272522745 0.00103188653333706
55 180 -0 -61.7792580755835 -0.058393933333335
55 192.85714 -0 43.2093942963304 0.451627747546665
55 205.71429 -0 -52.5776342377032 0.18378983512
55 218.57143 -0 16.858091010105 0.138228664053334
55 231.42857 1023.93980502393 60.5017914808731 0.139654935493332
55 244.28571 1013.07883117345 19.0398048781122 -0.00998712679999994
55 257.14286 326.691430013186 -25.1691898980612 -0.0663642700000001
55 270 112.754113243361 -46.6578749459149 -0.393314966666667
55 282.85714 190.151316157354 -51.7803612741247 -0.484201785084444
55 295.71429 487.785818071756 -17.2813947843125 -0.222794906079999
55 308.57143 -0 14.9066489425077 0.088626068960001
55 321.42857 -0 48.868012318898 0.416884250626667
55 334.28571 -0 28.0121239454169 0.19756805504
55 347.14286 -0 -1.17647584217375 0.0425686500444437
50 0 -0 -8.17300000000024 -0.143711466666667
50 11.25 464.24745727145 27.8525111074831 0.316894166666667
50 22.5 216.968531670197 18.1978471235521 0.0629446333333318
50 33.75 109.243636168319 13.329998537385 0.0334471666666662
50 45 129.767046654354 9.47984569140739 -0.147989833333332
50 56.25 190.250347541413 -56.7206990084688 -0.270399033333334
50 67.5 399.960544336422 -24.9668614091596 -0.0556486333333328
50 78.75 328.992453464129 -58.238974474938 -0.182712866666667
50 90 2007.89773586901 -40.153564913131 0.143038833333333
50 101.25 1470.51597083305 -51.2935173615994 -0.140561766666666
50 112.5 1189.05863308894 -23.8896475577331 -0.163403866666667
50 123.75 451.522096990784 16.5249808192169 0.2329867
50 135 749.82203436382 45.8082698110842 0.242737366666667
50 146.25 -0 2.64598304675897 0.00145399999999972
50 157.5 -0 -43.0151854063084 -0.035376699999996
50 168.75 -0 -59.7373848300019 0.0714695000000008
50 180 -0 -30.8403231051329 -0.331861033333334
50 191.25 -0 39.5233132796058 0.191330799999999
50 202.5 -0 22.0299379789264 0.268492766666667
50 213.75 -0 12.2861917260729 0.111003
50 225 -0 -11.9055873206232 -0.130505933333333
50 236.25 1178.45570989026 -38.6763365581435 0.114773666666667
50 247.5 829.004811904616 -18.2314367527876 0.0572560999999994
50 258.75 497.247409810117 -8.0035148064454 0.167637566666666
50 270 452.9952795271 0.682665413825691 -0.0832034333333334
50 281.25 261.498628688909 -32.7752150899616 -0.347037333333334
50 292.5 507.099138263209 -8.43896704666438 -0.0903984999999997
50 303.75 221.340944273787 25.1019613781832 0.0756980333333329
50 315 -0 10.41847202779 0.112514066666666
50 326.25 -0 28.0743450485339 0.2809064
50 337.5 -0 62.0743722697254 0.302703166666667
50 348.75 -0 55.133526836349 0.298980766666667
45 0 44.9999996079368 -14.812 -0.0236931
45 10 37.7601011981205 -130.81147416014 -0.0733102000000001
45 20 97.763389138604 25.1823895796197 0.3770509
45 30 -0 31.0559404249364 0.08088
45 40 81.5021797840904 -23.6335119573271 -0.021608
45 50 -28.5000889787565 -38.4128557471722 -0.2376505
45 60 29 -28.8757123092805 -0.293823
45 70 211.507709762738 -59.7178402394985 -0.3591169
45 80 3453.77147675624 210.116957668063 -0.102144499999999
45 90 999.568387238513 -46.6462541941757 -0.52315
45 100 2105.48365765081 26.9966983540757 -0.283627533333334
45 110 964.495870762115 -41.6983442952104 -0.310428566666666
45 120 858.670215323252 13.1302789721815 0.1170537
45 130 391.249694172427 22.53296908387 0.296674266666667
45 140 -0 39.8179520094428 0.287352033333334
45 150 -0 4.77971954013584 -0.2727233
45 160 -0 3.81622138678993 0.0369521666666657
45 170 -0 141.972384209997 -0.2239554
45 180 -0 -3.34940551134957 -0.0602127
45 190 -0 -10.955453473344 0.0285314000000002
45 200 -0 5.39431030231912 0.0399276999999994
45 210 -0 -11.6062034729497 -0.0918379
45 220 -0 -20.1969589285439 -0.1798841
45 230 -0 -10.4008202529379 -0.1209444
45 240 1356.43844100207 31.2097008046623 0.0390132
45 250 2753.43188068613 109.609397587645 0.521082499999999
45 260 617.741609012602 0.129574932436147 -0.0141999
45 270 410.74961074924 -31.5729800562478 -0.1140302
45 280 176.251084129111 -26.119594212848 -0.1943663
45 290 290.319470044639 -31.280295181211 0.0599095
45 300 -0 -24.1644208020976 -0.0770235
45 310 -0 30.8235841841812 0.3628621
45 320 -0 59.4619771028053 0.1706565
45 330 -0 55.7182422484113 0.4719386
45 340 -0 43.950772934807 0.2938738
45 350 -0 17.5678365776124 -0.158096
40 0 -0 -1.30566666666649 0.233301933333333
40 9 556.980490644921 80.4738802168283 0.247327966666667
40 18 21.006513645006 87.5662374350987 -0.00155549999999789
40 27 210.39713438528 49.9739579373015 0.579689633333332
40 36 1182.40164861006 43.8166587485059 0.735188399999999
40 45 2204.15948562227 109.424808093461 0.873023699999998
40 54 245.461492697878 9.3897726866786 -0.254011599999994
40 63 176.746529703602 -31.939524373688 -0.346816899999999
40 72 2355.8643448669 -12.6115996035906 -0.104512633333338
40 81 1055.99652707199 -119.834473099359 -0.894991333333333
40 90 794.748019121885 -131.634272437385 -0.880361600000001
40 99 1258.27208969792 -117.395642136767 -0.526430633333337
40 108 1244.0076940145 -42.3871693421125 -0.3403241
40 117 21.5017580468023 -19.4081780613498 0.00697290000000098
40 126 210.925122288582 8.00112404619994 0.351310633333333
40 135 -0 29.9714221985062 0.141428366666666
40 144 -0 -98.200959746784 -0.428747633333339
40 153 -0 -4.4883827411109 0.0244557333333347
40 162 -0 -21.6547288071487 -0.198552366666667
40 171 -0 -97.6262684871265 -0.304959099999999
40 180 -0 -6.38619254246377 -0.202615766666667
40 189 -0 -8.09107172616947 -0.1174619
40 198 -0 -12.4592312555158 -0.114240466666667
40 207 -0 -20.5329082113077 -0.1054733
40 216 -0 -66.589826732767 -0.213459233333333
40 225 -0 -32.4082000636495 -0.2526377
40 234 -0 -49.3302076102911 -0.276909633333333
40 243 1642.21074075909 -10.0695307249204 0.144210266666667
40 252 2102.87990756996 -47.2317456888553 0.293370766666666
40 261 615.96364595681 -13.7915993200573 -0.0458191999999994
40 270 181.258250840406 -23.1895054549373 -0.1573821
40 279 350.771605049028 -22.4107250569814 -0.0618576666666668
40 288 -0 -14.1242557083989 -0.0877671333333314
40 297 -0 -34.0214208333494 -0.295608866666667
40 306 -0 -14.7938762178861 -0.211133766666667
40 315 -0 0.26897194619278 -0.0247782999999997
40 324 -0 25.6108975406569 0.2254546
40 333 -0 83.2314878456414 0.537200833333333
40 342 -0 48.5274019353844 0.0406243333333334
40 351 0.00202480532402273 33.0079258964251 0.290757
35 0 792.999999289897 82.3510000000006 0.403189099999999
35 8.18182 956.026728381059 45.2129180246038 0.0388727333333352
35 16.36364 -0 1.56266888434802 0.00378861349333284
35 24.54545 -0 -12.2941015622751 -0.444988213911107
35 32.72727 820.82742979339 298.675053941594 -0.0934076988
35 40.90909 219.355072925578 21.5252949757188 0.151228341821409
35 49.09091 1568.94538421177 36.4948160088618 0.756870920837721
35 57.27273 969.596771465859 6.45495347343982 0.240778543360001
35 65.45455 2621.04347777838 37.6529096258034 0.492291983044442
35 73.63636 3928.00332782443 181.820194805519 0.30828891192889
35 81.81818 5108.27100649376 24.9100282804914 0.684835660541355
35 90 4974.15745498737 -9.91521811390895 0.227552
35 98.18182 4422.05509555476 3.13840170842767 0.0741727999999992
35 106.36364 2201.3634002758 57.5558332687789 -0.277280286933334
35 114.54545 66.5472586869442 -43.7281506296968 -0.248102073777777
35 122.72727 -0 8.6747018983035 0.123467995733334
35 130.90909 -0 24.0039437839333 0.268542197343033
35 139.09091 137.578482816777 86.1041882357846 0.574877961061188
35 147.27273 -0 11.0007299391616 0.0446997460266663
35 155.45455 -0 -1.11235498509375 -0.198162127
35 163.63636 -0 -34.5323847575285 -0.288441577226666
35 171.81818 -0 163.796458702332 -0.0881018685289502
35 180 -0 -11.8541200165669 -0.0576703333333335
35 188.18182 -0 -24.347911772229 -0.226576360310661
35 196.36364 -0 -10.8552143263361 -0.161999799448889
35 204.54545 -0 -11.697539351103 -0.114203642222222
35 212.72727 -0 -13.4509268924152 -0.1387133468
35 220.90909 -0 -22.064939376227 -0.186668920275552
35 229.09091 -0 -32.2294284874825 -0.276803063981236
35 237.27273 -0 -43.3045966086027 -0.292803327146667
35 245.45455 280.098725153486 -78.3808065563113 -0.109388121244444
35 253.63636 2197.31903573575 89.6206434637331 0.200495144302223
35 261.81818 441.611124734354 -9.66159408593482 -0.104753201991847
35 270 99.7326049063988 -10.7832567597111 0.0674898333333333
35 278.18182 227.061602404775 -30.3879486496757 0.0553766333333332
35 286.36364 -0 -47.2152144319842 -0.434154538808886
35 294.54545 -0 -25.0768779404397 -0.181028869666666
35 302.72727 -0 7.97190020846158 -0.189731953653333
35 310.90909 -0 90.631873229388 -0.0248847007837943
35 319.09091 -0 22.4521346987484 0.241590406548463
35 327.27273 -0 52.8769990467398 0.415890329546666
35 335.45455 -0 39.9527041461202 0.040024292311112
35 343.63636 -0 77.4438412592606 0.243266559324449
35 351.81818 -0 -14.8916741534571 -0.358729466666667
30 0 470.999999879978 -55.898 -0.1334141
30 7.5 257.591771223411 -15.2626210016555 -0.3440028
30 15 335.270643144546 8.79322850427292 0.1284697
30 22.5 56.2507195044698 7.46980116012933 0.1516704
30 30 157.015622597741 21.2410322485226 0.0154594
30 37.5 821.03074172709 23.7146632911136 0.2508668
30 45 287.504130088203 -2.68275991938824 -0.2227483
30 52.5 1600.75230029897 1.63790118721302 0.397955
30 60 1519.69755298941 72.3920166140168 0.3540345
30 67.5 965.869439895537 -35.4758782714017 0.2699583
30 75 206.500562287933 -29.9365529748772 -0.3958155
30 82.5 5154.23647131671 166.335667495614 1.1708073
30 90 5672.12310261218 64.8935369943339 0.5548813
30 97.5 4404.64808656136 27.986657823416 0.3140089
30 105 409.745504021348 -67.788376165788 -0.8087175
30 112.5 28.9987390030958 -43.0730226172719 -0.2662394
30 120 204.645563751358 10.582842817399 0.0344082
30 127.5 -0 41.2745580501488 0.3238109
30 135 -0 21.4437546416862 0.1505461
30 142.5 -0 -222.446467042865 -0.4311069
30 150 -0 4.39485868688439 -0.0984876
30 157.5 -0 -21.6143692255516 -0.124014
30 165 -0 -12.5503369281596 -0.1988664
30 172.5 -0 -31.2869308145394 -0.1343997
30 180 -0 -10.8574805831262 -0.0922122
30 187.5 -0 -3.61834683469823 -0.0629358
30 195 -0 -2.81268864020589 -0.0584661
30 202.5 -0 -14.0117537899225 -0.1424881
30 210 -0 -26.1414814980962 0.0156681
30 217.5 -0 -5.13009344281718 -0.0372758
30 225 -0 -28.9472130652983 -0.0721908
30 232.5 -0 -28.2771836938773 -0.1926247
30 240 -0 -46.034784163654 -0.2380397
30 247.5 383.266218886949 -6.35811864612759 -0.163701
30 255 1264.29813705738 -20.346168161401 0.0671323
30 262.5 149.258157560344 -21.9831259370371 -0.119007
30 270 2.74551519805086 -18.038820715768 -0.0044213
30 277.5 31.7712946554294 -19.4394128988547 0.0681455
30 285 -0 -36.856896552723 -0.3890818
30 292.5 -0 -34.9340849471952 -0.2546293
30 300 -0 -35.7923766971343 -0.2124737
30 307.5 -0 -40.0018233043069 -0.2297351
30 315 -0 6.93114728151443 0.1364049
30 322.5 -0 40.7381002460273 0.1903091
30 330 -0 10.1632711797499 0.1604924
30 337.5 -0 8.97487212644701 -0.1292045
30 345 -0 14.1228224840515 0.1066521
30 352.5 799.494738446137 40.7884983985079 0.5629815
25 0 299.999999989999 1.17266666667185 -0.205489666666668
25 6.92308 1060.80988111739 43.909698777033 0.482641212311906
25 13.84615 602.128291763272 -0.32626222836403 -0.055941347261153
25 20.76923 358.933028429779 15.431295372895 0.0933640730342955
25 27.69231 444.486414504291 -1.77040005477781 -0.0110371641545763
25 34.61538 525.065930948569 61.2046579616929 0.0780715034133332
25 41.53846 962.146465617675 23.5358199777455 0.374210841973333
25 48.46154 370.332070325602 -18.2144022714846 -0.215008800684444
25 55.38462 63.457593530233 -88.4823684065771 -0.393657083413335
25 62.30769 -0 17.0599553808185 -0.00384271435999712
25 69.23077 32.0922103805182 -18.6954340101501 0.0221180062451539
25 76.15385 284.340220895352 -25.3145039692793 -0.0185351786144461
25 83.07692 169.496712290581 -57.4781325165368 -0.636016421087551
25 90 18.4995357205489 -59.5236384279132 -0.358487333333334
25 96.92308 269.763420227008 -47.2317928777546 -0.359881108122015
25 103.84615 2174.7617150193 18.2459417352854 -0.0427884858773794
25 110.76923 388.604647996232 -33.2751848790414 -0.21899807177122
25 117.69231 557.286281394496 15.136257396273 0.0492664670181282
25 124.61538 -0 50.077737226427 0.150812004160003
25 131.53846 -0 36.1764037977853 0.165728343484444
25 138.46154 -0 32.75565396697 0.338333567928889
25 145.38462 -0 42.2839839290032 0.180110660906674
25 152.30769 -0 11.2557985169954 0.0770342817866661
25 159.23077 -0 -11.0055184814797 -0.100219539886952
25 166.15385 -0 -11.1798635871864 -0.182337304234323
25 173.07692 -0 -18.682974528442 -0.210285987877158
25 180 -0 -3.54305172240936 -0.142088033333333
25 186.92308 -0 -71.6252061486552 0.077521819792533
25 193.84615 -0 -59.0326149058564 0.272291533881136
25 200.76923 -0 17.0704939602174 0.184518734117645
25 207.69231 -0 -1.50791125142703 0.0352081331876988
25 214.61538 -0 -6.06807133829739 0.0166731130133336
25 221.53846 -0 -11.4591441894087 -0.0251873743022224
25 228.46154 -0 -9.78961861098555 -0.137975034631112
25 235.38462 -0 -28.05405909575 -0.256467111733334
25 242.30769 -0 -34.92514177991 -0.276690632110065
25 249.23077 141.198488427014 16.5476255862032 -0.167796346535227
25 256.15385 1556.37690212897 -15.3900616336211 0.248824455918586
25 263.07692 -0 30.824123211559 -0.191605459283952
25 270 -0 0.550901839786384 -0.322520766666666
25 276.92308 -0 13.0064269465684 0.0275376762292274
25 283.84615 2.33213602912643 65.4289380031571 -0.179259748091398
25 290.76923 -0 -60.6746908897458 -0.480995886733025
25 297.69231 -0 -59.6685129858001 -0.43150221112
25 304.61538 -0 -48.9060343540204 -0.344186612746666
25 311.53846 -0 -7.11880872799002 -0.0848128062755546
25 318.46154 -0 -0.772760854521379 0.0316909334844442
25 325.38462 -0 -0.605963749143252 -0.121939376373333
25 332.30769 -0 7.69639757066088 -0.0509924395466657
25 339.23077 -0 13.1275856325694 0.047446417575438
25 346.15385 254.808026687329 38.2131881496817 0.242090229718043
25 353.07692 318.859584048744 -6.77289383400084 -0.147687160708346
20 0 404.000000002002 39.3606666666666 0.226549166666667
20 6.42857 433.224816995609 0.0800360652976803 -0.0466588473022219
20 12.85714 472.417342252487 -1.74258589422434 -0.0400904696266089
20 19.28571 641.273535686888 -12.0522780837519 0.0328189186877122
20 25.71429 644.407992935029 8.27365600549136 0.0862141240624416
20 32.14286 400.4811849908 19.7081170164145 0.0850176879492499
20 38.57143 -0 -9.61366694758982 0.0234761463600001
20 45 725.019588120078 -0.541047781757146 0.0691872666666673
20 51.42857 198.754851729427 -43.8122427574098 -0.49141537612
20 57.85714 23.1352163283749 16.722876399998 0.205341651362542
20 64.28571 -0 -23.4388928997432 -0.131669158977442
20 70.71429 -0 -25.3004443060021 -0.092552040822003
20 77.14286 474.261306709678 -29.6958212290288 -0.103096192492871
20 83.57143 565.735549222075 11.192364614158 0.117082335266666
20 90 -0 -51.6595976681383 -0.144701699999999
20 96.42857 940.577795741572 34.3394239972462 -0.00834558261333362
20 102.85714 933.588868293527 -5.52302087410727 -0.112499046883661
20 109.28571 1.19245605367211 -26.8143287579047 -0.20807306285597
20 115.71429 -0 -6.59871837899861 -0.0561422415549132
20 122.14286 -0 103.276754704046 0.0793233825225062
20 128.57143 -0 10.1927698375108 0.0579942618399999
20 135 -0 10.1058508846363 -0.0273265666666665
20 141.42857 -0 35.2362074784417 0.355678826297778
20 147.85714 -0 -24.5536440964913 -0.231378022665426
20 154.28571 -0 -10.6026889624592 0.0863984551939253
20 160.71429 -0 19.5366747264547 0.0135450978575689
20 167.14286 -0 -17.7204040563073 0.033060018471971
20 173.57143 -0 44.7008070805663 -0.0629308773822227
20 180 -0 4.74332579732652 -0.0288507666666667
20 186.42857 -0 -24.730131418083 0.0638216196355563
20 192.85714 -0 11.9885367982578 0.132438308942154
20 199.28571 -0 16.8193809833733 0.156394824548982
20 205.71429 299.844757952539 67.5129713740751 0.390692784909695
20 212.14286 -0 -3.80877891301999 -0.000147518410585552
20 218.57143 -0 -12.6940557355673 -0.0884716067866666
20 225 -0 -14.8877632477852 -0.139861
20 231.42857 -0 -28.8824901449992 -0.202807293902222
20 237.85714 -0 -41.6769697034816 -0.296915178184328
20 244.28571 -0 -33.3386343121375 -0.256490350768882
20 250.71429 -0 -14.3279771962454 -0.129581268009917
20 257.14286 2080.82350341379 69.5172040256933 0.38558752935094
20 263.57143 -0 34.0531281937785 0.0822982583155439
20 270 82.2645892593982 18.6902234966758 0.218876433333333
20 276.42857 -0 -14.2248619134338 -0.129587540955556
20 282.85714 225.356480373851 152.009905965044 0.00658731803350072
20 289.28571 -0 -135.214016477565 -0.345177397744717
20 295.71429 -0 -144.599294508775 -0.938210744753085
20 302.14286 -0 -12.8686803420144 -0.130032539817636
20 308.57143 -0 -35.4935610739127 -0.223643270151111
20 315 -0 14.9845529601642 0.0122345666666668
20 321.42857 -0 -16.4729192337075 -0.160032240208889
20 327.85714 -0 14.6326095620734 0.212391385545944
20 334.28571 -0 18.5102493957516 0.121743444720899
20 340.71429 -0 -1.68307174500952 -0.0897323792978399
20 347.14286 358.136311511099 22.0357220283636 0.173435320296169
20 353.57143 307.260468676454 3.4624352562272 -0.112987335871113
15 0 300.999999659946 -14.117 -0.1293879
15 6 495.959473950059 1.80564272000641 -0.170596
15 12 365.491494372469 4.32961277235137 -0.0487378
15 18 287.250655394238 -8.58440913228145 -0.0950324
15 24 977.76160541173 19.5612063939961 0.1845633
15 30 492.220404738123 2.48818436882277 0.0883881
15 36 454.788653142102 -0.34837632206046 0.0191207
15 42 -0 -4.60549459223356 0.0685746
15 48 1454.45372107522 75.1694423521764 0.325161
15 54 -0 0.690892600237558 0.2770942
15 60 -0 -9.60955088572387 -0.2161818
15 66 -0 -42.9876258847977 -0.2529938
15 72 -0 -72.5243424802058 -0.4619296
15 78 316.153088834547 -62.8898283519846 -0.432679
15 84 -0 -54.1494800494745 -0.6468611
15 90 -0 -23.4736795857598 -0.1055156
15 96 -0 -28.3554709105023 -0.1295225
15 102 192.256059136808 -22.5454072298085 -0.1783511
15 108 1589.48041461468 100.501546853201 0.0107096
15 114 -0 -17.5466897730415 0.0267349
15 120 0.511949196899751 132.478234001155 0.3560506
15 126 -0 33.0477639952367 0.0744924
15 132 -0 23.1259149729791 0.0388129
15 138 -0 22.8153710078555 0.1552173
15 144 -0 63.3090561190158 0.6247871
15 150 -0 38.381129753308 0.2135628
15 156 -0 -42.1074028847839 -0.0204446
15 162 -0 -20.2274290171414 0.0194234
15 168 -0 -28.3695121506789 -0.0076267
15 174 -0 0.141335701192643 -0.0567052
15 180 -0 -3.65401137987082 -0.0909287
15 186 -0 -8.03279776521179 -0.0609638
15 192 -0 -1.7814197137269 0.0741947
15 198 -0 4.58818203481101 -0.0436402
15 204 -0 -7.88443838569637 -0.0824996
15 210 -0 -2.97716628197834 -0.0543311
15 216 -0 -23.4998946527112 -0.0184547
15 222 -0 0.235525089606911 0.0067935
15 228 -0 -21.9442888151364 -0.1545108
15 234 -0 -31.469820689967 -0.2311676
15 240 -0 -31.7110607616018 -0.297118
15 246 -0 -25.5476496260402 -0.2094327
15 252 -0 -18.6642678454635 -0.1088048
15 258 -0 0.76225264127445 0.0458813
15 264 -0 -25.4849720013653 0.0724766
15 270 1151.72064253928 71.8953491583304 0.4399466
15 276 65.5011745056028 21.488800651558 0.4157943
15 282 -0 14.5159755100645 0.1075902
15 288 -0 27.6342360254571 -0.0587613
15 294 -0 -7.20037453375114 -0.1753449
15 300 -0 -187.696221462579 -0.6667855
15 306 -0 -55.9309911111005 -0.4092051
15 312 -0 -15.1388407879252 -0.1414587
15 318 -0 -27.5398605489402 -0.1699635
15 324 -0 -20.042690471137 -0.1406769
15 330 -0 0.760854463285564 0.0111843
15 336 -0 65.6312552356163 0.3448463
15 342 -0 27.4056031737043 0.1466111
15 348 76.999668539668 0.507921529836979 0.0632806
15 354 310.231018583284 10.4287471686922 0.0289687
10 0 204.99999957594 -5.50533333333288 -0.0299983000000003
10 5.625 209.755614216019 3.25419346354003 0.120025558333332
10 11.25 447.163662316828 22.2879393212731 0.126573125
10 16.875 339.000243167895 -7.53642775080862 -0.0286336874999996
10 22.5 473.265323026935 -10.1060121307792 -0.114256266666667
10 28.125 408.781488057372 -13.8664907936646 -0.141503491666667
10 33.75 442.439239027022 -0.187669562513783 -0.0457431749999995
10 39.375 1755.12379073794 -24.0600624956379 0.244046891666667
10 45 1333.11167491982 55.6279339035231 0.120185599999999
10 50.625 518.249314672121 15.2480370986455 0.1228509875
10 56.25 -0 -34.7232408181586 -0.0845698666666679
10 61.875 -0 -36.0774149387414 -0.195342279166667
10 67.5 -0 -59.5922741815509 -0.410005566666666
10 73.125 -0 -66.5963348995247 -0.517690666666666
10 78.75 127.362955298092 -58.9420611361972 -0.389810058333333
10 84.375 -0 -72.0013186691682 -0.531651045833333
10 90 -0 -0.867139185454114 0.0102225333333329
10 95.625 -0 -29.5337564742642 -0.1516948125
10 101.25 -0 -12.3127696153226 -0.0877258250000003
10 106.875 0.156402445810209 -9.33208684829799 -0.0543560708333333
10 112.5 -0 36.1070282519576 0.102754233333332
10 118.125 -0 61.3443840091772 0.406266033333333
10 123.75 10.2359222982801 86.7835053148501 0.690771958333334
10 129.375 -0 43.1095523390844 0.251484254166666
10 135 -0 13.6503112394376 0.1900568
10 140.625 -0 87.3110897816418 0.0581214041666632
10 146.25 -0 10.4323476911864 0.141733499999998
10 151.875 -0 -1.74769734147798 -0.081005900000001
10 157.5 -0 15.0851185457008 0.00406599999999925
10 163.125 -0 -24.7605454884299 -0.00234844999999962
10 168.75 -0 -5.6329670086434 0.0709569416666667
10 174.375 -0 17.2504198616009 0.0583240458333333
10 180 -0 -7.05753069249649 -0.0740833666666667
10 185.625 -0 -0.664835348571597 -0.0812824208333324
10 191.25 -0 2.35052777970511 0.0625938666666669
10 196.875 -0 14.5453838522973 0.137373274999999
10 202.5 -0 4.82234232949512 0.034916433333333
10 208.125 -0 6.24895206790284 0.0127189791666663
10 213.75 -0 3.77558383122444 0.0338473916666665
10 219.375 -0 2.22140592999126 0.00622799583333345
10 225 -0 -11.5033969891278 -0.0746328666666669
10 230.625 -0 -19.8986160288704 -0.137590295833334
10 236.25 -0 -29.7113607333875 -0.2276863
10 241.875 -0 -32.4596524909717 -0.2561550875
10 247.5 -0 -16.7127357395707 -0.167612833333334
10 253.125 -0 4.86879093136917 -0.0423134291666669
10 258.75 -0 0.811704041827065 0.0565684416666669
10 264.375 -0 8.24273324206684 0.124830945833334
10 270 -0 14.2059900358641 0.198941433333333
10 275.625 497.6204908626 95.205115606911 0.465207008333334
10 281.25 -0 -50.0583102288743 0.0404451166666604
10 286.875 1306.7111692073 119.451402564055 0.286273166666668
10 292.5 620.905159113474 44.2303676348256 0.223488933333333
10 298.125 -0 -168.941063819923 -0.6730376875
10 303.75 -0 -72.558201761331 -0.531505375000001
10 309.375 -0 -55.3428818304207 -0.485013466666667
10 315 -0 -46.0126770538475 -0.2752751
10 320.625 -0 -18.8837534794209 0.00353177083333224
10 326.25 -0 -18.9983305015979 -0.113035941666667
10 331.875 -0 -3.47106361542524 -0.0945054000000003
10 337.5 -0 12.5621270511709 -0.044699900000001
10 343.125 -0 32.015291290099 0.182726541666666
10 348.75 383.143337373604 27.8911899378704 0.369078108333333
10 354.375 335.518548335641 11.1717191287695 0.0861220041666665
5 0 -0 0.883000000000683 0.0275040000000013
5 5.29412 5.42494573955685 25.6675429965922 0.0794824772458417
5 10.58824 792.530942092453 47.5180474157615 0.319296384390302
5 15.88235 627.552832461486 -11.6923926536003 0.205598337268764
5 21.17647 469.828241323801 -22.4632757564227 -0.187315014293124
5 26.47059 670.081898752641 -29.576665022141 -0.22636522064
5 31.76471 512.556153196541 -24.4273272079087 -0.110394439029097
5 37.05882 1237.44184911476 4.61587787653612 0.0469145697366213
5 42.35294 365.605491506827 -41.1109750962676 -0.242676327727691
5 47.64706 169.424981475901 -31.8186485694395 -0.177699877199099
5 52.94118 -0 -69.0862762415112 -0.425480881682896
5 58.23529 -0 -19.2340216557436 -0.0629019459303676
5 63.52941 -0 -21.9265241869263 -0.11048284673934
5 68.82353 -0 -62.8365999240975 -0.436644102563519
5 74.11765 -0 -75.2397408314903 -0.433215284478817
5 79.41176 -0 -107.72353414989 -0.777626912644646
5 84.70588 -0 -62.5587471364884 -0.609022660276987
5 90 -0 -17.0586978223932 0.158099433333333
5 95.29412 451.290395061299 93.1044894666673 0.0822690208061853
5 100.58824 2.94241736591696 13.7018145038161 0.276370938439901
5 105.88235 -0 1.28042632615047 0.0844027501529342
5 111.17647 -0 25.7456007500648 0.154632231767283
5 116.47059 488.636732355459 38.4325904839265 0.505655275813333
5 121.76471 -0 41.6866938855665 0.567969247835036
5 127.05882 -0 -78.7829726736132 -0.379807781694029
5 132.35294 -0 50.5671325828817 0.411444140279287
5 137.64706 -0 49.1796069987986 0.214720724174052
5 142.94118 -0 39.441933413807 0.220278528992815
5 148.23529 -0 71.0248040667946 0.195685819876398
5 153.52941 -0 18.998632502254 0.0778949004806736
5 158.82353 -0 27.495525973096 0.223671018170456
5 164.11765 -0 5.9912371362463 0.000973060742015987
5 169.41176 -0 4.40525591259367 -0.0239731359268585
5 174.70588 -0 5.39815315024739 -0.00807246008147202
5 180 -0 -6.13287702237489 -0.0913848
5 185.29412 -0 -7.00594635890931 -0.0297221751276088
5 190.58824 -0 -9.7742879427269 -0.0648379164369612
5 195.88235 -0 7.64355972113821 0.0817951776990554
5 201.17647 -0 27.0725436232507 0.228912743842682
5 206.47059 -0 13.9468037177294 0.168450815573334
5 211.76471 -0 10.0261123139017 0.110617048561015
5 217.05882 -0 -6.86194636855244 0.0833225847850786
5 222.35294 -0 -3.19723019381924 0.0243003754263692
5 227.64706 -0 -4.71133213920898 -0.01271908528367
5 232.94118 -0 -7.2560425527579 -0.019523049540545
5 238.23529 -0 -13.3090475599638 -0.107504191424707
5 243.52941 -0 -24.9807795519214 -0.144836592466667
5 248.82353 -0 -16.3757622210858 -0.122174002799512
5 254.11765 -0 -11.7389483669433 -0.0673460039868894
5 259.41176 -0 -1.23315761681997 0.0137454280729959
5 264.70588 -0 0.811783940320507 0.0211021748507811
5 270 -0 0.0668671798508178 0.0231430666666666
5 275.29412 -0 0.926103586983119 0.125525144291241
5 280.58824 -0 37.4960427057874 0.228963159030124
5 285.88235 2993.11591801374 222.647039826403 0.913596349769789
5 291.17647 124.523204830567 -15.0243560893567 -0.0752695740650099
5 296.47059 453.7761546401 -4.24642145532353 0.260303384967264
5 301.76471 251.753902787406 0.521374211602492 -0.00264140209736048
5 307.05882 91.2757278588192 -35.3429139969231 -0.186118842285911
5 312.35294 -0 -41.2255478697646 -0.314202398529199
5 317.64706 -0 -21.5133567833529 -0.202315139103523
5 322.94118 -0 -9.17471275491654 0.0126811863688339
5 328.23529 -0 9.9662679168262 0.241124672513691
5 333.52941 -0 9.53592565219132 0.130987933587571
5 338.82353 -0 25.3680873069117 0.139555795141215
5 344.11765 -0 5.36837518276356 -0.0408069936135576
5 349.41176 -0 23.7201183460583 0.180598868534508
5 354.70588 18.3579779377286 29.2912076237352 0.191109765236329
0 0 -0 -20.791 0.0026879
0 5 -0 14.357568366062 0.132590966666667
0 10 46.7544002361148 -32.8297509130058 0.0107967666666667
0 15 396.990736015491 -41.4295264779447 -0.1502948
0 20 350.495157880603 -46.7507530066388 -0.597588466666667
0 25 460.524878518694 -42.3283232720356 -0.474719166666666
0 30 1048.475137475 -24.8485562537327 0.2183484
0 35 1573.06598522871 -33.0625248536879 0.1480118
0 40 170.254631582723 -28.6455808654118 -0.1424011
0 45 -0 -64.0683205221582 -0.4341441
0 50 -0 -26.5838763283141 -0.307560933333333
0 55 -0 -14.6830651160941 -0.0921557333333333
0 60 -0 -31.4952974987156 -0.2356055
0 65 -0 -36.9159430440758 -0.282776466666667
0 70 -0 -67.2232072527118 -0.4520104
0 75 -0 -110.565606869059 -0.523624
0 80 -0 -90.794776670109 -0.711618166666667
0 85 -0 -55.1162708268222 -0.5381266
0 90 -0 -49.6559996402421 -0.1387727
0 95 -0 -0.815944994253687 0.188142833333333
0 100 430.463798250221 47.2071053859256 0.415900966666668
0 105 -0 49.2757794928443 0.3858988
0 110 21.5311441874304 54.8182517311559 0.450964533333334
0 115 232.332983950843 67.9685138408842 0.621072233333333
0 120 215.538072506747 96.1474691677107 0.4241143
0 125 -0 -42.5137055295439 -0.542179266666669
0 130 -0 129.381524834604 0.826466333333333
0 135 -0 105.77845092783 0.3253976
0 140 -0 51.9886843101051 0.2049783
0 145 -0 29.4459239897247 0.152583233333333
0 150 -0 2.22955937615001 -0.0425434
0 155 -0 31.136224068353 0.149660266666668
0 160 -0 15.4790008714147 0.0132483999999995
0 165 -0 5.1990263620405 -0.0006628
0 170 -0 -10.5872781090564 -0.0495541333333334
0 175 -0 1.259310853741 -0.0258336666666668
0 180 -0 12.8821706037373 -0.0417865
0 185 -0 4.79949596950412 -0.00955693333333371
0 190 -0 3.70784231246375 -0.0332578333333332
0 195 -0 -36.6937403403843 0.0074871
0 200 -0 3.30309555133551 0.0970606333333341
0 205 -0 17.262849999106 0.191393433333333
0 210 -0 25.116206870655 0.2029711
0 215 -0 23.089657986467 0.198483033333333
0 220 -0 13.4383230754855 0.1251245
0 225 -0 -7.66723662633664 0.0656412
0 230 -0 -0.0029328503015984 0.0509115333333329
0 235 -0 -16.4504215504502 -0.0376266666666669
0 240 -0 -10.97561974439 -0.0974753
0 245 -0 -16.1786878546338 -0.100918633333333
0 250 -0 -10.3079878449482 -0.0512964333333333
0 255 -0 -7.81460533882114 -0.0584623
0 260 -0 -8.03251908619295 -0.0601777666666664
0 265 -0 -4.23619591928844 -0.0786759
0 270 -0 18.369291020675 0.036896
0 275 -0 -20.6577972075755 -0.0743779666666661
0 280 188.058108712887 11.6041225087794 0.33590286666667
0 285 200.497760939223 20.7848664180957 0.3015208
0 290 172.228536086132 22.2293462259478 0.364978399999998
0 295 77.744398430037 -6.89395958806907 0.0568076333333331
0 300 143.762178494945 -2.99792537858901 -0.0168321
0 305 475.626963382988 -24.752503634307 -0.183028433333333
0 310 5.24559372782269 -12.8235214293848 -0.0458701333333361
0 315 -0 1.67139602434596 -0.0639228
0 320 -0 -23.5008642214466 -0.172698866666666
0 325 -0 -26.7449072562552 -0.0571408666666656
0 330 -0 7.59846451382926 0.1503092
0 335 -0 23.839128788359 0.206350766666666
0 340 -0 82.2435485261148 0.0316944333333327
0 345 -0 32.7424616699724 0.1537993
0 350 -0 -27.8713909055053 0.0467634999999994
0 355 -0 10.7361741356966 -0.0163337333333341
-5 0 -0 17.0750000000002 0.160185733333334
-5 5.29412 -0 -11.6336205016438 -0.185655542239168
-5 10.58824 -0 -22.9756577522389 -0.192549445955311
-5 15.88235 727.367204482483 2.20751202990413 -0.0575561606210117
-5 21.17647 475.179642203876 -29.8893837162842 -0.331201758801792
-5 26.47059 590.048408410527 -37.9977279397642 -0.343900599146666
-5 31.76471 1105.75512165979 15.8047659458766 -0.0310296702883717
-5 37.05882 1042.51229421293 13.1522739635165 0.153864759311684
-5 42.35294 -0 -47.5634636605476 -0.428700188103522
-5 47.64706 -0 -26.518427411011 -0.305991272799242
-5 52.94118 -0 -44.6928636239574 0.0052435528914085
-5 58.23529 -0 -25.9663037943956 -0.0381497081925029
-5 63.52941 -0 -35.2382081623007 -0.234937032701304
-5 68.82353 -0 -35.3909169996219 -0.237788641833289
-5 74.11765 -0 -85.5645326099423 -0.482928557570014
-5 79.41176 -0 -90.1116507500268 -0.577549072102527
-5 84.70588 -0 -73.4979019741447 -0.492974266182253
-5 90 -0 -58.7140895577678 -0.2258652
-5 95.29412 -0 -24.3143704136046 -0.0232150882064123
-5 100.58824 -0 -51.2227356942403 -0.0100779171648737
-5 105.88235 11.7878596735673 47.0059163383902 0.694065701857753
-5 111.17647 -0 45.6443297371013 0.438023881013325
-5 116.47059 -0 53.115491582704 0.497230055306667
-5 121.76471 -0 66.4842604396387 0.548462754869139
-5 127.05882 -0 27.7302616538816 0.377594279212445
-5 132.35294 -0 -32.3995047099581 -0.450272911327333
-5 137.64706 10.5022820264403 -17.3980835788133 0.409604950374219
-5 142.94118 1271.53578775949 97.0852960650366 0.632962393623872
-5 148.23529 -0 89.781910780057 0.629676292263504
-5 153.52941 -0 -167.317246080554 -0.163930941137955
-5 158.82353 -0 49.0783915143611 0.264978344278464
-5 164.11765 -0 28.2191225935626 0.0377787013551557
-5 169.41176 -0 12.1570412250774 -0.0335242557998679
-5 174.70588 -0 18.6725975735493 -0.103226613032348
-5 180 -0 -5.26668668580477 -0.1173625
-5 185.29412 -0 -23.9851865564177 -0.14578731153226
-5 190.58824 -0 -3.42222929961713 -0.0618492092044651
-5 195.88235 -0 12.2499358720863 0.0986155247451464
-5 201.17647 -0 -5.16659644390224 0.0284472827492133
-5 206.47059 -0 -3.23677196152495 0.0992581300800001
-5 211.76471 -0 12.6812046087059 0.126477094385434
-5 217.05882 -0 5.43944743185069 0.11277465701898
-5 222.35294 -0 8.89008713488299 0.0775240134372343
-5 227.64706 -0 2.58070333044189 0.0353919207132028
-5 232.94118 -0 -4.66796882473179 0.0246176846686017
-5 238.23529 -0 -0.437820939162896 -0.00472701433170907
-5 243.52941 -0 -1.79473133583456 -0.0473372697066667
-5 248.82353 -0 -7.34621442515305 -0.0115682393646913
-5 254.11765 -0 -0.733764226367431 -0.00390049060071413
-5 259.41176 -0 -6.40293214273288 -0.0919097000859729
-5 264.70588 -0 -17.2828909161608 -0.163245071145354
-5 270 -0 -18.4283162195044 -0.200123366666667
-5 275.29412 -0 -6.65275390399609 -0.120184962924541
-5 280.58824 1812.23774185338 174.844273458775 0.387633078974611
-5 285.88235 110.923362287884 14.5770009607749 -0.0304841989862191
-5 291.17647 113.253176575631 29.2631770938876 0.268176180281372
-5 296.47059 54.5004795671473 -27.7197404241313 -0.276610454180254
-5 301.76471 96.8413276624542 -40.8775250040496 -0.153991537660791
-5 307.05882 179.848551930376 -36.7371924248491 -0.323222625344499
-5 312.35294 332.215396176403 -17.9054318434492 -0.328663896953192
-5 317.64706 148.701655258794 -34.8497523092359 -0.25733074685082
-5 322.94118 91.8796086848043 11.5325788107958 0.227141466770906
-5 328.23529 -0 -11.2535586322876 -0.0944684911963548
-5 333.52941 -0 -4.94517876146354 -0.12379684191466
-5 338.82353 -0 -14.7448681414217 -0.0716962602969077
-5 344.11765 -0 18.6544203667915 0.118604019749745
-5 349.41176 -0 24.60535473087 0.164336527463083
-5 354.70588 -0 13.344958897463 0.0430117424384486
-10 0 -0 -0.804333333333513 -0.107881766666667
-10 5.625 -0 -6.97620604447497 -0.123097729166667
-10 11.25 -0 18.3506319257615 0.14789395
-10 16.875 1102.63173325563 10.4043958502091 0.278927758333334
-10 22.5 1040.25234313602 16.6020444226464 0.0129772666666665
-10 28.125 1047.02434125449 -11.6007414982878 -0.0321426708333334
-10 33.75 883.993781978529 -27.2549544944879 0.0584584000000006
-10 39.375 149.791452983213 6.42358487326264 -0.182269333333334
-10 45 -0 -25.7840301594949 -0.235615133333334
-10 50.625 -0 -10.9932553782822 -0.0661952791666669
-10 56.25 -0 16.9015662550654 -0.00760475833333325
-10 61.875 -0 38.8064739438344 0.102956670833333
-10 67.5 -0 -26.8745590179871 -0.1082683
-10 73.125 -0 -45.5261320421024 -0.306031604166667
-10 78.75 -0 -53.6510786231414 -0.385466283333334
-10 84.375 -0 -35.1385537383961 -0.286660933333333
-10 90 -0 -65.7267436265169 -0.3581487
-10 95.625 -0 -17.9755351241706 -0.195193408333333
-10 101.25 -0 -15.2404686495161 0.0370050916666668
-10 106.875 -0 -12.0343855227578 -0.201297316666667
-10 112.5 -0 -54.6311731933716 -0.294440933333333
-10 118.125 -0 -41.7685578080855 -0.183760524999998
-10 123.75 142.163865001235 -17.450483433213 -0.379891925
-10 129.375 -0 68.6626663621355 0.237566945833331
-10 135 -0 40.6573341987118 0.411515433333333
-10 140.625 -0 50.4121210708102 0.327737058333333
-10 146.25 -0 -16.7918160740514 0.242570133333334
-10 151.875 -0 41.0151690628327 0.672082891666667
-10 157.5 -0 27.854940833071 0.388153833333334
-10 163.125 -0 77.829266946 0.171590658333334
-10 168.75 -0 39.9645755982867 0.309046549999999
-10 174.375 -0 -11.6232892405579 -0.062099804166667
-10 180 -0 15.1975349328249 0.0134374999999989
-10 185.625 -0 21.5575994804617 -0.0121589833333337
-10 191.25 -0 1.11568835316202 -0.0280914083333334
-10 196.875 -0 15.7651636751805 0.0758132291666666
-10 202.5 -0 -15.7464996974611 -0.0777182333333332
-10 208.125 -0 -5.25115777676921 0.0144077083333335
-10 213.75 -0 -3.97282949460628 -0.0532238583333332
-10 219.375 -0 -19.2602543503303 0.0671606000000007
-10 225 -0 -1.75790775973899 0.0315323333333335
-10 230.625 -0 -0.724942733848529 -0.00721595000000011
-10 236.25 -0 -10.5697802221082 0.0149208833333332
-10 241.875 -0 -5.28804658925494 -0.0259842166666669
-10 247.5 -0 5.54757611524525 0.0722762333333331
-10 253.125 -0 1.00067668489205 0.0526585583333333
-10 258.75 -0 -10.2336261318003 -0.0942719916666667
-10 264.375 -0 -12.5749588368815 -0.109025283333334
-10 270 -0 -12.9252098749298 -0.153218566666667
-10 275.625 -0 -11.6262357375782 -0.143922608333333
-10 281.25 948.24156135413 75.0414503375675 0.180803941666668
-10 286.875 408.54544873799 25.1875775312906 0.159929491666666
-10 292.5 173.744132949294 19.0313257375225 0.335660433333333
-10 298.125 200.912348893913 9.5818604000671 0.168639616666667
-10 303.75 276.636601762504 15.0435265598064 -0.198358483333333
-10 309.375 202.687643051122 -27.5933941048261 -0.225348916666667
-10 315 457.739645644803 2.67103843457129 -0.0711212000000001
-10 320.625 560.962325152937 4.67334918959109 -0.031563145833333
-10 326.25 -0 -20.7253016867529 -0.18546395
-10 331.875 -0 -19.6230831105649 -0.172204383333334
-10 337.5 -0 -8.38300655398725 -0.118674666666667
-10 343.125 -0 -5.89641033001796 0.0523027083333336
-10 348.75 -0 12.1094760213086 0.0477625666666669
-10 354.375 -0 8.96336192310626 -0.0153077583333332
-15 0 -0 17.046 -0.009477
-15 6 -0 -1.86684671487921 -0.075362
-15 12 -0 22.1579088302648 0.1742669
-15 18 1389.66219121256 8.14439636450449 0.1208647
-15 24 1112.2631325272 -9.75696508145976 -0.0327814
-15 30 803.275089334958 -23.7468307813004 -0.2489142
-15 36 679.23002971956 -9.05626102432215 -0.1146248
-15 42 -0 0.681764593214173 -0.3317057
-15 48 33.7671597423461 -32.3885417462052 0.1758289
-15 54 -0 -12.3901781988105 -0.0384221
-15 60 -0 90.0457833225629 0.1284425
-15 66 -0 -0.425983551138704 0.1095711
-15 72 -0 -20.2436774549981 -0.1501941
-15 78 -0 -24.5280490281562 -0.1341014
-15 84 -0 -55.6284210802342 -0.3160149
-15 90 -0 13.3992004200551 -0.3307794
-15 96 -0 -62.9850138866641 -0.1986971
-15 102 -0 -34.1763866875058 -0.2334098
-15 108 -0 -18.2832480782518 -0.1454563
-15 114 -0 4.81991107932794 -0.1444191
-15 120 -0 11.6892602625378 0.0447183
-15 126 353.781274826544 51.528645073842 0.3208282
-15 132 210.251191134194 20.2453245332317 0.1215153
-15 138 -0 26.0206913757792 0.1362139
-15 144 47.4860023086961 53.7683968662582 0.3677843
-15 150 -0 53.9391805436821 0.1495593
-15 156 -0 28.1957562022561 0.2013712
-15 162 -0 17.5133186373393 0.2347401
-15 168 0.0450834263379174 132.004124135664 0.4695262
-15 174 -0 43.1533241269081 0.4282335
-15 180 -0 32.9704212169328 0.332295
-15 186 -0 76.0148667181105 0.2400922
-15 192 -0 -6.20938967279783 -0.0490706
-15 198 -0 -11.8569737384448 -0.0845846
-15 204 -0 -11.9487998585434 -0.0029219
-15 210 -0 -11.0896086886143 0.0045013
-15 216 -0 32.9046119991387 -0.041174
-15 222 -0 -26.5438591055133 -0.1178481
-15 228 -0 -5.97296047959188 -0.0451696
-15 234 -0 1.1200979820047 0.0132969
-15 240 -0 1.25153772106314 0.059129
-15 246 -0 10.3887246899349 0.1394315
-15 252 -0 8.74350065227736 0.1173311
-15 258 -0 -0.731989323967375 0.0070648
-15 264 -0 1.14717558874984 -0.0153085
-15 270 -0 -7.0164107621308 -0.0750483
-15 276 -0 -11.8541313632403 -0.1887128
-15 282 -0 11.1906055252771 -0.2153711
-15 288 4742.79706493227 102.914278542037 1.4019695
-15 294 172.740349752648 -29.0121173485589 -0.2206445
-15 300 313.33486339969 45.2104307300692 0.2968751
-15 306 650.273055372683 2.98386309806349 -0.1117348
-15 312 799.580337154641 -37.4708234867035 -0.2393141
-15 318 703.763580835929 -17.7713845255816 -0.0475827
-15 324 -0 -14.5571905773089 -0.2109332
-15 330 -0 -6.66020977038552 -0.0095339
-15 336 -0 -14.9725499865912 -0.148743
-15 342 -0 -25.2646443292157 -0.0457099
-15 348 -0 -1.52580811566994 0.001661
-15 354 -0 -1.15186296336318 0.037099
-20 0 -0 5.52866666666672 0.0168473666666667
-20 6.42857 -0 6.35330918664929 0.100591728493333
-20 12.85714 -0 19.6944375441093 0.198538355479042
-20 19.28571 1221.17242123072 17.9503911997362 0.201747888851927
-20 25.71429 923.488030326104 -0.692743936181861 0.00982927302744428
-20 32.14286 549.025770847394 -49.2487827243512 -0.0361278099301383
-20 38.57143 -0 -17.5179090608132 -0.304052324684445
-20 45 278.099913526636 -15.4146371359217 0.124694933333334
-20 51.42857 -0 -13.7011579726328 -0.208293339306667
-20 57.85714 -0 92.1799897306707 0.106153205419014
-20 64.28571 -0 7.79762284484251 0.236128920846048
-20 70.71429 -0 -0.461154210347289 0.139100117231122
-20 77.14286 -0 -5.70844898496515 -0.0459023644099551
-20 83.57143 -0 -13.8442206138393 -0.199007727453333
-20 90 -0 -31.3580014422245 -0.1936756
-20 96.42857 -0 -32.635157651457 -0.292020227711111
-20 102.85714 -0 -43.418019396496 -0.301672638303055
-20 109.28571 -0 -23.0230159295134 -0.260636069351825
-20 115.71429 -0 20.4116587470525 -0.129192350762466
-20 122.14286 119.243883920894 5.5221028007339 0.128327429651628
-20 128.57143 431.461333105147 36.6448246560663 0.123500469431111
-20 135 283.006543998881 25.5764026419554 0.0774029666666666
-20 141.42857 98.6736265419823 11.7635349806473 0.157435093799999
-20 147.85714 88.6086127890676 43.2412782567159 0.36422187444902
-20 154.28571 -0 1.0670098078982 0.0920233873201684
-20 160.71429 -0 -6.33087139587578 0.205518895709633
-20 167.14286 -0 -0.384965554021555 0.0593948811039388
-20 173.57143 -0 59.0574938006889 0.598462708075557
-20 180 -0 10.5573860128308 0.120983466666667
-20 186.42857 -0 -45.1154936394968 0.0140488236533224
-20 192.85714 -0 -7.25484360621303 -0.0636820091597127
-20 199.28571 -0 -3.96787197020525 0.0322645097989951
-20 205.71429 -0 0.649637319830629 -0.0280871952213997
-20 212.14286 -0 -0.152877522063767 -0.0931348675896223
-20 218.57143 -0 -2.06930779709225 -0.108926742933333
-20 225 -0 -14.2446869772182 -0.0808656666666667
-20 231.42857 -0 -10.9750363726846 -0.0750841898177777
-20 237.85714 -0 0.340162675745803 0.0312435784516108
-20 244.28571 -0 9.25104907662643 0.118828628522944
-20 250.71429 -0 8.45343560217107 0.096858360644753
-20 257.14286 -0 4.46143779786411 0.0261048952072885
-20 263.57143 -0 -3.44581997192079 -0.017614583431111
-20 270 -0 -1.22607974426969 -0.0161379000000001
-20 276.42857 -0 -5.44471775999426 -0.0658462625244448
-20 282.85714 -0 4.44218417659627 -0.0538228916619302
-20 289.28571 568.662080518596 -5.01009920403148 -0.0200575586592905
-20 295.71429 2389.42695574376 85.3878366898945 0.646013037619574
-20 302.14286 84.9088434662544 28.2384563726942 0.236736151193666
-20 308.57143 399.025945555697 -30.5590493687175 -0.347988756995554
-20 315 763.47753006686 3.19093312779792 0.0669834333333324
-20 321.42857 -0 -0.334621840795164 -0.0164354507999996
-20 327.85714 -0 0.754987710689459 0.0715460241475063
-20 334.28571 -0 -23.4092853061561 -0.215989679859838
-20 340.71429 -0 -9.52969569830081 -0.132601662923251
-20 347.14286 -0 24.937036882345 0.0668330266027652
-20 353.57143 -0 3.53730622802434 -0.0182213079777797
-25 0 -0 20.4170000000002 0.0657864999999999
-25 6.92308 -0 17.7771760416822 0.231976622417205
-25 13.84615 -0 30.2386925139393 0.221301833454812
-25 20.76923 1037.60186837332 15.7641013169594 0.115104550523151
-25 27.69231 1069.70081296315 11.192825304187 0.138664724305316
-25 34.61538 -0 18.6439726147681 0.0477497997333334
-25 41.53846 -0 -4.6308764235344 -0.122316547671111
-25 48.46154 -0 -9.12051338562683 -0.0747373232711112
-25 55.38462 -0 5.83270383155735 0.0182401285866669
-25 62.30769 -0 7.90934449267663 0.0864612065333334
-25 69.23077 -0 4.24310970858614 0.211476051705958
-25 76.15385 -0 -5.14598640792463 0.0675765932323125
-25 83.07692 -0 -6.90563210691016 -0.0440183175936222
-25 90 -0 -18.0566048485812 -0.169481833333333
-25 96.92308 -0 -34.1300024989326 -0.280559614931403
-25 103.84615 -0 -27.0906824153723 -0.146954035633752
-25 110.76923 -0 -32.7224431276419 -0.249483686819458
-25 117.69231 405.522563550035 -46.4383298368987 -0.02327884782656
-25 124.61538 454.402169144656 -3.11033696311869 -0.1486989736
-25 131.53846 483.53816476323 -5.5906363567979 -0.342512710764445
-25 138.46154 55.5320194066611 -6.95511267347135 -0.00956924830222152
-25 145.38462 325.337541577733 3.74349932371877 0.0252392424000024
-25 152.30769 38.500778210113 29.8856545728363 0.319045595639999
-25 159.23077 -0 1.37036387969104 0.102212902821098
-25 166.15385 -0 20.8107409723182 0.130441183540468
-25 173.07692 -0 43.4473888006511 0.22428319588264
-25 180 -0 31.8378017095877 0.3832044
-25 186.92308 -0 46.7115903113408 0.0867940548195451
-25 193.84615 -0 -5.64846090514355 -0.0783512284503777
-25 200.76923 -0 14.6350983290643 -0.0140630182532831
-25 207.69231 -0 -2.72473244688669 -0.0514224782354765
-25 214.61538 -0 -16.7479733160757 -0.0473668749866668
-25 221.53846 -0 -8.35229432437159 -0.126159969973333
-25 228.46154 -0 -16.4101341520274 -0.0813499131822217
-25 235.38462 -0 -19.2299461071002 -0.0120786399999999
-25 242.30769 -0 14.3023801121913 0.0624983948600019
-25 249.23077 -0 -1.66177642459833 0.0256131330699023
-25 256.15385 -0 7.36818149540437 0.0663430727567219
-25 263.07692 -0 -14.2681645843374 0.0851480148424119
-25 270 -0 -3.37690918295194 0.0618854
-25 276.92308 -0 -12.2825260836553 0.0159858708014485
-25 283.84615 -0 7.53412372803849 -0.00433119117020887
-25 290.76923 2805.15360678166 85.1644919736606 0.664136513091891
-25 297.69231 194.768841691886 35.0840039823894 0.109179111920001
-25 304.61538 252.978141130682 -12.4045441818607 -0.108925895680003
-25 311.53846 724.643538981009 51.2750384907856 0.123287046248888
-25 318.46154 -0 -28.3191562045636 -0.288626383493334
-25 325.38462 -0 -21.5721318042968 -0.10300190112
-25 332.30769 -0 -25.2645791979931 -0.148325590346667
-25 339.23077 -0 -6.13328839358759 -0.0413153560015203
-25 346.15385 -0 -25.2779289108945 0.0826453515160782
-25 353.07692 -0 7.17235313050863 -0.0124097565824567
-30 0 -0 24.289 0.1164388
-30 7.5 -0 19.134097821037 0.0579005
-30 15 -0 46.6239789563039 0.2035965
-30 22.5 1132.74747050404 48.3532307581661 0.2891158
-30 30 1144.99950242348 49.945256860211 0.4600444
-30 37.5 -0 -23.7033732735267 -0.1690049
-30 45 -0 43.2439028436916 0.2066416
-30 52.5 -0 12.8179347728826 0.0015913
-30 60 -0 33.5367030164755 0.2190853
-30 67.5 -0 18.4740917850229 0.1579462
-30 75 -0 12.0299879921185 0.1807879
-30 82.5 -0 -3.20107018838403 0.0194973
-30 90 -0 -11.269825023857 -0.0233736
-30 97.5 -0 -23.5584533428811 -0.13805
-30 105 -0 -52.4291216265105 -0.2309154
-30 112.5 -0 -37.7970105733545 -0.4342882
-30 120 466.240818464527 -15.2868790905962 -0.0983216
-30 127.5 231.243745605999 -18.1532160081599 -0.3800522
-30 135 168.760846552277 -9.2054993670635 -0.0346383
-30 142.5 96.0053816597463 9.91065111910547 0.0591388
-30 150 464.47934054341 32.120942044411 0.2431611
-30 157.5 -0 26.0812149517183 -0.0464186
-30 165 -0 3.75113781497923 -0.0533967
-30 172.5 -0 -5.75871681892768 0.2779728
-30 180 -0 90.8354153425044 0.6785306
-30 187.5 -0 7.42597115639133 0.2327
-30 195 -0 35.9532832527216 0.0192741
-30 202.5 -0 1.793422181454 -0.07492
-30 210 -0 8.8536793981703 0.0571623
-30 217.5 -0 -1.87780613802028 0.009688
-30 225 -0 -3.44530109686423 -0.0788449
-30 232.5 -0 -5.08834264804829 -0.0689698
-30 240 -0 -5.97912636934158 -0.050656
-30 247.5 -0 -2.93479197556231 -0.044736
-30 255 -0 -1.04460361527993 -0.0418951
-30 262.5 -0 -0.871987790560657 -0.0398301
-30 270 -0 9.55558655766334 0.0314233
-30 277.5 -0 1.60391321123624 -0.0513278
-30 285 -0 7.07262156321349 -0.0267654
-30 292.5 1634.90659968961 133.199703836729 0.2551316
-30 300 31.5016564827511 11.1615523167257 0.0408017
-30 307.5 51.6775146054597 -11.2417161591451 0.126122
-30 315 -0 -14.3127080685475 -0.2533489
-30 322.5 -0 -7.61084817366108 -0.0311881
-30 330 -0 2.53647871847101 0.1288256
-30 337.5 -0 -1.53531816330151 0.0327355
-30 345 -0 -14.2023847024433 0.0772851
-30 352.5 -0 4.56827820403017 -0.0462707
-35 0 -0 5.83533333333332 -0.0825197333333332
-35 8.18182 -0 1.12902847676665 -0.0345018666666668
-35 16.36364 -0 1.96193274572025 -0.0455031221866665
-35 24.54545 -0 -15.503790688115 -0.134527350933333
-35 32.72727 -0 28.9576710837983 0.136581534133333
-35 40.90909 -0 5.62657997835517 -0.0697729872056904
-35 49.09091 -0 34.9757642804453 0.226945404044972
-35 57.27273 -0 -3.92098511860996 0.185137299173333
-35 65.45455 -0 28.4738436966652 0.222623875111111
-35 73.63636 -0 7.10685682429739 0.0962953469333334
-35 81.81818 -0 3.05689049167985 0.102732240737247
-35 90 -0 -8.80879368925395 -0.0217545
-35 98.18182 -0 -25.4032212683408 -0.193189466666667
-35 106.36364 -0 -76.231058715446 -0.447887125635555
-35 114.54545 -0 3.71860818179709 -0.291751256155555
-35 122.72727 -0 -48.2323813255644 -0.432950768106665
-35 130.90909 -0 -39.4870623547154 -0.546270000095627
-35 139.09091 208.009056879909 10.3138106467506 0.12580961249435
-35 147.27273 216.671029736359 -10.6758238212386 0.237057298640001
-35 155.45455 -0 -7.57715966368276 -0.0940076349555551
-35 163.63636 -0 9.23882510360092 0.0791141794666667
-35 171.81818 -0 11.468571977248 0.249353166110265
-35 180 -0 0.248412155189721 -0.00744356666666604
-35 188.18182 -0 11.330390536522 0.115539776962956
-35 196.36364 -0 2.60028693827203 0.0349003467377774
-35 204.54545 -0 -1.0343337402011 -0.00459695228888886
-35 212.72727 -0 -0.849141397138684 0.0130922684533334
-35 220.90909 -0 3.64878724229444 -0.00313909066141144
-35 229.09091 -0 7.51090279870367 0.021841852010787
-35 237.27273 -0 -5.94430130532968 -0.0319632194666663
-35 245.45455 -0 -9.10459826149606 -0.0641164122444443
-35 253.63636 -0 -4.49990702063442 -0.0577659494044444
-35 261.81818 -0 -6.81217935128061 -0.0417355426102539
-35 270 -0 -6.59449258249132 -0.101584866666667
-35 278.18182 -0 2.48764625775716 -0.0239197333333334
-35 286.36364 -0 -115.512637460017 -0.238676939342224
-35 294.54545 341.044494140887 4.15442283680106 0.0867092589555561
-35 302.72727 -0 21.1820149938118 0.240691113839999
-35 310.90909 -0 -28.7700676754236 -0.205446692088933
-35 319.09091 -0 -17.8882215928688 -0.189701790498872
-35 327.27273 -0 8.01713233532999 -0.0345000217333319
-35 335.45455 -0 13.6034529311176 0.145133581266667
-35 343.63636 -0 29.7290904583592 0.140316865706665
-35 351.81818 -0 -5.50926642111932 -0.0734858000000001
-40 0 -0 1.78266666666657 -0.171789833333333
-40 9 -0 7.94895585399344 0.00217083333333296
-40 18 -0 14.5661890783297 0.0207478666666665
-40 27 -0 29.2330639415402 0.266412
-40 36 -0 -1.01268734556247 -0.00718423333333357
-40 45 -0 68.448744696145 0.385762133333333
-40 54 -0 25.025507205579 0.1542108
-40 63 -0 13.4015050924917 0.0340690333333335
-40 72 -0 15.4863915131377 0.0811454666666665
-40 81 -0 17.0734106718918 0.138438833333333
-40 90 -0 3.5031724947643 0.0973699333333331
-40 99 -0 -12.5086373778656 -0.0718406333333335
-40 108 -0 -28.7394155994197 -0.188557266666667
-40 117 -0 -35.6792438089562 -0.230080966666667
-40 126 -0 -22.8662733160597 -0.2151483
-40 135 -0 -28.3170819706428 -0.258553266666667
-40 144 106.146415369588 51.5043321825707 0.0381687999999996
-40 153 -0 -8.10826663490551 -0.159983866666667
-40 162 -0 -4.69424089592819 -0.135135333333333
-40 171 -0 15.6162014409629 0.1526777
-40 180 -0 39.4002394888 0.268794733333333
-40 189 -0 -11.8163282679099 -0.0632615333333333
-40 198 -0 4.91359663229805 0.0634337666666668
-40 207 -0 12.558627246028 0.115539166666667
-40 216 -0 2.30078634656542 -0.0351640666666667
-40 225 -0 -8.99180206002678 -0.0374861333333333
-40 234 -0 -7.00488621663074 -0.00997280000000006
-40 243 -0 -10.6504195470578 -0.0805927333333334
-40 252 -0 -7.51690337907793 -0.0593148333333334
-40 261 -0 -5.13077429677266 -0.0601871
-40 270 -0 1.76725298023651 -0.000770566666666687
-40 279 -0 -3.09586731255048 -0.0325493666666668
-40 288 1307.15857956517 90.092111509222 0.394842533333333
-40 297 30.5234219662394 -2.22519470696637 -0.0343174000000001
-40 306 -0 -22.6719280971241 -0.157275733333333
-40 315 -0 -21.5468674108768 -0.200943433333333
-40 324 -0 -3.39580372295303 -0.1641282
-40 333 -0 8.91560711208975 0.0743458000000002
-40 342 -0 14.6488564401035 0.2308344
-40 351 -0 1.35799735021345 0.132582266666667
-45 0 -0 7.768 -0.0483533
-45 10 -0 11.7541737651171 0.0511906333333333
-45 20 -0 29.7554059646045 0.1283892
-45 30 -0 11.1193493050002 -0.0799452
-45 40 -0 44.508725483889 0.3785974
-45 50 -0 15.1185069483514 0.3690457
-45 60 -0 25.3105776749035 0.0917031
-45 70 -0 31.6084841486991 0.180857666666667
-45 80 -0 17.2631681409039 0.1931458
-45 90 -0 16.0581479437747 0.1697385
-45 100 -0 -3.49654443884793 0.0305456999999999
-45 110 -0 -14.7154723455251 -0.1142238
-45 120 -0 -11.7852509233904 -0.1066804
-45 130 -0 -16.0463201931464 -0.1089943
-45 140 -0 -20.9301624701243 -0.0986949333333339
-45 150 -0 -6.93547388397821 -0.1729128
-45 160 -0 -13.4006483991153 -0.1675515
-45 170 643.305278516357 39.5673688153793 0.381036899999998
-45 180 -0 -6.91832608225451 0.1288844
-45 190 -0 -12.2901567128067 -0.1239713
-45 200 -0 -2.9953236150118 0.0249980333333343
-45 210 -0 -8.33062591036782 -0.0085343
-45 220 -0 -8.06456420457122 -0.0686459999999998
-45 230 -0 -9.63037028704233 -0.0328230333333329
-45 240 -0 1.52835308026815 0.0323286
-45 250 -0 -6.96749499495028 0.00234559999999992
-45 260 -0 -16.2196674906198 0.023575
-45 270 -0 2.90471067863839 0.0069866
-45 280 -0 -21.6735295775467 0.0611388
-45 290 552.483308116202 9.84187367280993 0.3520985
-45 300 -0 25.3730170829522 -0.0056129
-45 310 -0 -13.8820190980942 -0.2318579
-45 320 -0 -15.7305501058385 -0.3064513
-45 330 -0 -4.33035952001637 -0.0642478
-45 340 -0 16.4281290939442 0.1745944
-45 350 -0 12.3957761193133 0.1506879
-50 0 -0 22.2363333333333 0.0535369333333331
-50 11.25 -0 2.31217866284707 -0.0288634000000001
-50 22.5 -0 23.0417072624573 0.121555466666667
-50 33.75 -0 4.16791893564546 0.138465166666667
-50 45 -0 34.2791292539229 0.1638875
-50 56.25 -0 34.5106992562215 0.201410066666667
-50 67.5 -0 -10.8935619936752 0.3616578
-50 78.75 -0 40.1022227910243 0.268512033333333
-50 90 -0 14.2755879381624 0.163275933333333
-50 101.25 -0 7.80810028483792 0.0873941666666667
-50 112.5 -0 9.54792372360269 -0.00259500000000006
-50 123.75 -0 -1.2227275354282 -0.0644736
-50 135 -0 -7.11149626202295 0.0542435
-50 146.25 -0 -5.34312157639416 -0.0535648333333334
-50 157.5 -0 8.0724898448087 -0.113857066666667
-50 168.75 -0 4.36474103911041 0.1320646
-50 180 -0 -36.9574591957209 -0.066976933333333
-50 191.25 -0 -13.782351829655 -0.0851009
-50 202.5 -0 -14.3425010635268 -0.0908139333333333
-50 213.75 -0 -7.27320590633752 0.0100774
-50 225 -0 1.85115786975238 -0.0933016
-50 236.25 -0 -0.82012843445341 0.0959427666666667
-50 247.5 -0 10.7843906444793 0.0479515333333335
-50 258.75 -0 -10.9860963620481 -0.0339057666666667
-50 270 -0 12.2663886523178 -0.0263196666666666
-50 281.25 -0 6.45374108594287 -0.0567149
-50 292.5 -0 -5.09572639253753 -0.0641495999999999
-50 303.75 -0 17.3864944515134 0.144993966666666
-50 315 -0 -15.8329930030745 -0.0359077
-50 326.25 -0 -2.19861040133303 -0.0962985000000002
-50 337.5 -0 19.9511135460316 0.0625786333333333
-50 348.75 -0 28.6428421836934 0.206368133333333
-55 0 -0 21.6386666666667 0.224184333333333
-55 12.85714 -0 18.4361977030654 -0.0345684806133331
-55 25.71429 -0 0.458828292442329 0.0886323313600002
-55 38.57143 -0 40.0668765537701 0.324616028493333
-55 51.42857 -0 -26.3130441362675 0.205565695253334
-55 64.28571 -0 20.4934636478444 0.0850809742400001
-55 77.14286 -0 36.1965042051382 0.295028957795555
-55 90 -0 11.5070446862222 0.121575266666667
-55 102.85714 -0 11.275697741948 0.105677946488889
-55 115.71429 -0 -9.82545957492668 -0.05090944992
-55 128.57143 -0 -14.7088532916341 -0.06627767592
-55 141.42857 -0 1.56513130090704 0.0859490054400009
-55 154.28571 -0 6.10078993439326 0.0118513604799999
-55 167.14286 -0 12.6236321468878 -0.0567176018488888
-55 180 -0 -29.1133932790761 -0.2949841
-55 192.85714 -0 -14.5098681511518 -0.149605824257778
-55 205.71429 -0 -8.78896228621347 0.0112691340800002
-55 218.57143 -0 -2.03630767731542 0.101439181346667
-55 231.42857 -0 43.5387704913763 0.0775080574133332
-55 244.28571 -0 5.66838355031244 0.14674816384
-55 257.14286 -0 1.92672539802301 -0.0022142181688889
-55 270 -0 -1.88121349508115 -0.0408389333333333
-55 282.85714 -0 11.4870291400168 -0.00275527222222304
-55 295.71429 -0 8.88611142887319 -0.00590909351999869
-55 308.57143 -0 15.9947855730963 0.140494939800007
-55 321.42857 -0 -68.6243871128564 0.331599302200001
-55 334.28571 -0 -31.5808430900094 -0.433597013439995
-55 347.14286 -0 6.89407576898014 0.103398283031111
-60 0 -0 -19.05 -0.1895711
-60 15 -0 12.4077565662909 0.0763121
-60 30 -0 16.6672893694143 0.0319808
-60 45 -0 20.5169858080741 0.0998932
-60 60 -0 28.0665478555169 0.097585
-60 75 -0 7.74350077537394 0.2034707
-60 90 -0 -4.17915456551657 -0.0328095
-60 105 -0 10.789546710831 0.0051006
-60 120 -0 -16.2386775224634 -0.1123765
-60 135 -0 -19.2338842001738 -0.1846737
-60 150 -0 -4.0898893419413 0.1144971
-60 165 -0 -12.0825699408718 -0.2287373
-60 180 -0 -14.5270353179608 -0.3474343
-60 195 -0 -43.0302814840119 -0.1705844
-60 210 -0 -10.7865817306468 0.0150392
-60 225 -0 -16.6640117490559 -0.0694327
-60 240 -0 -16.2761254044243 -0.0317157
-60 255 -0 -13.5740313980063 -0.1162872
-60 270 -0 -28.760437411851 -0.071942
-60 285 -0 -4.04775955455683 -0.0319601
-60 300 -0 33.9279143001931 0.3062922
-60 315 -0 -127.049579256944 0.2054901
-60 330 -0 60.9269717474163 0.4691668
-60 345 -0 24.1550590981278 0.1786195
-65 0 -0 13.8393333333334 -0.00606723333333333
-65 18 -0 5.71228562769129 -0.0471859
-65 36 -0 20.435671228826 -0.0628832666666664
-65 54 -0 67.9081612978242 0.163204799999999
-65 72 -0 -5.56439778292673 0.0394513
-65 90 -0 1.32774052405905 -0.00402423333333342
-65 108 -0 37.006902051467 -0.0804428
-65 126 -0 -46.5525749675896 -0.231374300000001
-65 144 -0 -52.9223613256775 -0.4064825
-65 162 -0 -16.8611817633694 -0.0675521
-65 180 -0 -40.5825897305078 -0.174158766666667
-65 198 -0 -18.3506956505545 -0.1712955
-65 216 -0 -25.596618297167 -0.157606033333333
-65 234 -0 -19.5561230183213 -0.1549804
-65 252 -0 -15.8407900066563 -0.104975
-65 270 -0 -17.2981551572399 -0.0909081
-65 288 -0 2.64162415394232 0.0637956
-65 306 -0 26.6553261084802 0.248213433333334
-65 324 -0 15.5478833296236 0.0727281333333336
-65 342 -0 -9.58275318880553 -0.1475328
-70 0 45 24.5249999999987 0.0777548666666662
-70 22.5 -0 40.7253052449409 -0.0566639
-70 45 2249.00292141852 73.029172782782 0.302470333333333
-70 67.5 271.93915905802 26.9384258391733 0.2054468
-70 90 2625.00558020176 46.8079276388643 0.4668114
-70 112.5 2318.51298460861 -15.0465836144423 -0.131255833333333
-70 135 2521.00652551861 -34.1903326364352 -0.1214273
-70 157.5 1356.77751495178 -41.2020025478113 -0.3671118
-70 180 -0 -59.8290557442526 -0.4709127
-70 202.5 -0 -49.6810412348428 -0.4085058
-70 225 -0 -33.4092918698085 -0.314961933333333
-70 247.5 -0 -29.074636803764 -0.242585733333333
-70 270 -0 -86.5491664775566 -0.153848
-70 292.5 979.499273898683 36.5927161560238 0.4463402
-70 315 -0 -15.4446108640653 -0.189548666666667
-70 337.5 -0 -2.81901685174306 -0.1834706
-75 0 2879 34.668 0.34581
-75 30 3418.51067480987 38.6094237410382 0.3034836
-75 60 2327.51327797798 2.87717246211711 -0.0221501
-75 90 3552.75213527693 25.9614226561719 0.2859021
-75 120 3209.25196766915 -53.9696101036598 -0.5610464
-75 150 2402.49399705599 -58.9037683666926 -0.566821
-75 180 -0 -71.1971632379465 -0.3777395
-75 210 -0 -76.704331970686 -0.5256952
-75 240 761.793248097473 -12.2684690891586 0.005128
-75 270 1011.9926642905 -10.3832627747888 0.0330071
-75 300 -0 -23.6136191001072 -0.1066064
-75 330 -0 19.6179980687628 0.0610829
-80 0 2340 -5.99000000000003 -0.1662377
-80 45 3714.49998859311 22.7381082032735 0.150747533333333
-80 90 3804.75012213817 34.0748952883886 0.499070866666667
-80 135 2555.49706697217 -38.7705566327331 -0.5305921
-80 180 50.2508893009318 -41.2505002143294 -0.2385486
-80 225 648.006324678015 -44.0832441738873 -0.304839566666667
-80 270 2053.48054624329 15.1666124240298 0.112629066666667
-80 315 611.732307417737 2.07780607779686 -0.253580366666667
-85 0 2576 -0.564666666666662 -0.0879533
-85 90 3347.24750919515 -0.441056685519785 -0.0062476333333333
-85 180 2316.83649685134 19.2287302539393 0.0863847333333333
-85 270 1729.47287607114 -5.53124518282234 0.00160599999999999
-90 0 2777 -95.395 -0.336909
