90 0 211.76
87 0 276.525
87 90 177.423
87 180 173.21
87 270 226.907
84 0 358.347
84 45 214.608
84 90 122.32
84 135 98.2155
84 180 137.421
84 225 120.251
84 270 206.399
84 315 432.276
81 0 376.842
81 30 313.294
81 60 172.395
81 90 79.0751
81 120 79.4157
81 150 51.63
81 180 117.144
81 210 63.2473
81 240 36.7496
81 270 112.1
81 300 354.892
81 330 419.523
78 0 348.696
78 22.5 340.057
78 45 149.813
78 67.5 10.4848
78 90 -9.81468
78 112.5 5.37504
78 135 76.3957
78 157.5 79.9323
78 180 99.0574
78 202.5 119.411
78 225 -32.4074
78 247.5 -7.29065
78 270 8.38196
78 292.5 416.853
78 315 424.467
78 337.5 303.536
75 0 456.284
75 18 374.776
75 36 192.774
75 54 24.4564
75 72 -31.3141
75 90 -49.4673
75 108 -62.4343
75 126 13.2326
75 144 56.3507
75 162 66.3775
75 180 66.9494
75 198 13.1971
75 216 -13.3591
75 234 -77.403
75 252 -98.9719
75 270 66.831
75 288 373.875
75 306 389.626
75 324 461.461
75 342 488.122
72 0 548.256
72 15 487.864
72 30 234.258
72 45 100.793
72 60 24.1318
72 75 -21.1989
72 90 -97.0112
72 105 -102.863
72 120 -46.7941
72 135 33.7677
72 150 78.3302
72 165 68.8908
72 180 61.1195
72 195 21.9368
72 210 -39.5499
72 225 -33.4579
72 240 -72.5577
72 255 -151.734
72 270 -78.8284
72 285 230.769
72 300 401.86
72 315 409.775
72 330 634.895
72 345 603.17
69 0 542.323
69 12.8571 431.242
69 25.7143 300.337
69 38.5714 149.027
69 51.4286 92.9011
69 64.2857 -22.2909
69 77.1429 -78.2905
69 90 -126.415
69 102.857 -134.799
69 115.714 -63.7627
69 128.571 113.838
69 141.429 105.488
69 154.286 119.291
69 167.143 109.596
69 180 49.8276
69 192.857 33.8062
69 205.714 24.6163
69 218.571 169.062
69 231.429 -39.8487
69 244.286 -137.55
69 257.143 -240.661
69 270 -223.206
69 282.857 -97.0065
69 295.714 354.335
69 308.571 197.754
69 321.429 495.917
69 334.286 630.638
69 347.143 616.142
66 0 584.416
66 11.25 418.988
66 22.5 227.237
66 33.75 230.278
66 45 233.124
66 56.25 60.9254
66 67.5 -61.1981
66 78.75 -130.313
66 90 -197.286
66 101.25 -230.851
66 112.5 -123.316
66 123.75 -79.5198
66 135 93.223
66 146.25 272.426
66 157.5 140.312
66 168.75 118.327
66 180 57.5868
66 191.25 57.4704
66 202.5 85.0515
66 213.75 69.4803
66 225 96.4595
66 236.25 -76.4677
66 247.5 -165.66
66 258.75 -319.758
66 270 -348.144
66 281.25 -230.72
66 292.5 -1.02735
66 303.75 269.733
66 315 445.924
66 326.25 615.216
66 337.5 618.937
66 348.75 611.119
63 0 528.055
63 10 474.468
63 20 140.142
63 30 172.729
63 40 160.166
63 50 146.21
63 60 98.2155
63 70 -95.4769
63 80 -210.8
63 90 -249.14
63 100 -293.576
63 110 -199.337
63 120 -110.581
63 130 -82.003
63 140 200.472
63 150 173.548
63 160 135.367
63 170 60.6167
63 180 29.8982
63 190 73.7338
63 200 134.164
63 210 174.136
63 220 155.488
63 230 72.7982
63 240 -91.1772
63 250 -215.285
63 260 -372.05
63 270 -391.529
63 280 -322.065
63 290 -58.1979
63 300 135.358
63 310 342.657
63 320 511.593
63 330 610.517
63 340 568.742
63 350 582.763
60 0 491.272
60 9 446.829
60 18 242.982
60 27 129.328
60 36 136.959
60 45 148.641
60 54 79.3982
60 63 -49.1776
60 72 -191.624
60 81 -275.025
60 90 -316.018
60 99 -298.657
60 108 -245.939
60 117 -122.267
60 126 27.2935
60 135 73.8677
60 144 216.255
60 153 175.834
60 162 124.617
60 171 -33.3278
60 180 -25.9694
60 189 107.077
60 198 124.116
60 207 213.373
60 216 93.3436
60 225 79.2383
60 234 39.8203
60 243 -130.384
60 252 -228.727
60 261 -338.928
60 270 -381.531
60 279 -389.267
60 288 -167.087
60 297 90.6969
60 306 246.348
60 315 417.127
60 324 540.383
60 333 616.083
60 342 560.895
60 351 510.844
57 0 476.566
57 8.18182 402.134
57 16.3636 297.357
57 24.5454 207.59
57 32.7273 160.451
57 40.9091 102.153
57 49.0909 78.3893
57 57.2727 -0.472185
57 65.4545 -142.538
57 73.6364 -257.176
57 81.8182 -315.604
57 90 -318.403
57 98.1818 -312.763
57 106.364 -266.329
57 114.545 -106.102
57 122.727 -21.0088
57 130.909 206.004
57 139.091 198.294
57 147.273 214.126
57 155.455 178.255
57 163.636 3.04996
57 171.818 36.4942
57 180 61.5824
57 188.182 163.428
57 196.364 172.506
57 204.545 31.2967
57 212.727 71.9875
57 220.909 26.8695
57 229.091 105.098
57 237.273 -15.5304
57 245.455 -142.484
57 253.636 -193.135
57 261.818 -309.641
57 270 -394.644
57 278.182 -408.723
57 286.364 -246.504
57 294.545 -46.3216
57 302.727 134.995
57 310.909 352.025
57 319.091 483.704
57 327.273 635.051
57 335.455 590.507
57 343.636 560.612
57 351.818 569.101
54 0 403.349
54 7.5 360.242
54 15 339.892
54 22.5 290.949
54 30 168.095
54 37.5 68.2985
54 45 31.0334
54 52.5 -9.05486
54 60 -89.6625
54 67.5 -255.598
54 75 -319.553
54 82.5 -347.726
54 90 -297.789
54 97.5 -292.583
54 105 -217.194
54 112.5 -155.405
54 120 -68.6662
54 127.5 137.795
54 135 309.433
54 142.5 182.263
54 150 208.966
54 157.5 287.646
54 165 56.8121
54 172.5 22.9043
54 180 169.625
54 187.5 41.7657
54 195 303.375
54 202.5 -10.7724
54 210 75.5838
54 217.5 18.6233
54 225 -11.657
54 232.5 27.7834
54 240 37.2697
54 247.5 -129.693
54 255 -151
54 262.5 -278.946
54 270 -341.391
54 277.5 -343.907
54 285 -270.051
54 292.5 -97.1732
54 300 6.81718
54 307.5 157.005
54 315 397.283
54 322.5 545.167
54 330 594.032
54 337.5 553.675
54 345 575.531
54 352.5 532.735
51 0 429.896
51 6.92308 403.174
51 13.8461 355.397
51 20.7692 382.975
51 27.6923 246.91
51 34.6154 107.777
51 41.5385 17.0109
51 48.4615 -153.668
51 55.3846 -194.355
51 62.3077 -235.191
51 69.2308 -293.468
51 76.1539 -357.443
51 83.0769 -323.605
51 90 -421.315
51 96.9231 -405.761
51 103.846 -289.269
51 110.769 -251.017
51 117.692 -84.3262
51 124.615 58.3128
51 131.538 182.847
51 138.462 181.23
51 145.385 161.797
51 152.308 237.672
51 159.231 -17.1065
51 166.154 -0.774879
51 173.077 -49.8493
51 180 -272.926
51 186.923 -340.278
51 193.846 123.299
51 200.769 103.772
51 207.692 29.6206
51 214.615 -0.586468
51 221.538 -77.4317
51 228.462 -80.0359
51 235.385 79.3703
51 242.308 1.42277
51 249.231 -83.3456
51 256.154 -110.782
51 263.077 -230.297
51 270 -259.748
51 276.923 -311.726
51 283.846 -243.344
51 290.769 -102.194
51 297.692 -31.2138
51 304.615 155.417
51 311.538 280.1
51 318.462 425.18
51 325.385 500.106
51 332.308 578.669
51 339.231 594.248
51 346.154 653.289
51 353.077 500.799
48 0 464.755
48 6.42857 458.59
48 12.8571 309.053
48 19.2857 366.982
48 25.7143 231.807
48 32.1429 193.121
48 38.5714 148.079
48 45 -113.433
48 51.4286 -212.364
48 57.8571 -202.466
48 64.2857 -328.005
48 70.7143 -357.988
48 77.1429 -400.465
48 83.5714 -546.375
48 90 -359.091
48 96.4286 -386.609
48 102.857 -376.175
48 109.286 -318.482
48 115.714 -151.177
48 122.143 32.4002
48 128.571 135.181
48 135 164.848
48 141.429 195.999
48 147.857 204.504
48 154.286 423.344
48 160.714 90.4825
48 167.143 -76.799
48 173.571 -136.889
48 180 -120.919
48 186.429 -100.922
48 192.857 7.71047
48 199.286 47.3855
48 205.714 -11.6888
48 212.143 -54.8893
48 218.571 -119.13
48 225 -165.85
48 231.429 -161.791
48 237.857 -260.54
48 244.286 -112.216
48 250.714 -29.1332
48 257.143 -72.7318
48 263.571 -197.007
48 270 -198.923
48 276.429 -264.396
48 282.857 -249.744
48 289.286 -118.508
48 295.714 -93.0494
48 302.143 107.278
48 308.571 176.3
48 315 390.29
48 321.429 439.359
48 327.857 559.488
48 334.286 615.635
48 340.714 624.182
48 347.143 571.09
48 353.571 521.237
45 0 415.757
45 6 531.031
45 12 383.984
45 18 382.774
45 24 190.931
45 30 265.746
45 36 170.856
45 42 51.7533
45 48 -159.645
45 54 -256.932
45 60 -300.433
45 66 -363.251
45 72 -353.904
45 78 -416.886
45 84 -641.977
45 90 -516.217
45 96 -515.989
45 102 -508.133
45 108 -380.336
45 114 -164.614
45 120 1.72246
45 126 139.095
45 132 199.863
45 138 187.191
45 144 234.15
45 150 166.375
45 156 191.975
45 162 12.1449
45 168 -128.361
45 174 -175.894
45 180 -104.364
45 186 -64.9044
45 192 -59.3938
45 198 -27.5826
45 204 -64.9327
45 210 -114.389
45 216 -167.246
45 222 -218.762
45 228 -248.444
45 234 -241.104
45 240 -114.057
45 246 -92.7872
45 252 48.8602
45 258 -111.931
45 264 -194.662
45 270 -270.591
45 276 -282.316
45 282 -209.069
45 288 -159.537
45 294 -163.642
45 300 -81.4388
45 306 158.652
45 312 243.452
45 318 361.361
45 324 477.094
45 330 599.863
45 336 624.067
45 342 582.502
45 348 603.528
45 354 462.437
42 0 444.531
42 5.625 425.065
42 11.25 441.097
42 16.875 428.308
42 22.5 341.437
42 28.125 361.401
42 33.75 302.716
42 39.375 95.1247
42 45 -1.19593
42 50.625 -217.335
42 56.25 -296.649
42 61.875 -339.464
42 67.5 -346.272
42 73.125 -189.958
42 78.75 4.36384
42 84.375 -600.253
42 90 -521.499
42 95.625 -479.727
42 101.25 -571.844
42 106.875 -414.488
42 112.5 -242.816
42 118.125 -53.4671
42 123.75 138.587
42 129.375 331.598
42 135 223.77
42 140.625 288.932
42 146.25 -74.0912
42 151.875 143.037
42 157.5 26.1628
42 163.125 -79.3218
42 168.75 -176.017
42 174.375 -162.358
42 180 -142.733
42 185.625 -111.06
42 191.25 -87.3824
42 196.875 -84.0587
42 202.5 -103.574
42 208.125 -139.287
42 213.75 -192.889
42 219.375 -233.226
42 225 -270.99
42 230.625 -252.822
42 236.25 -177.865
42 241.875 -82.143
42 247.5 -79.918
42 253.125 -152.45
42 258.75 -143.625
42 264.375 -256.435
42 270 -277.54
42 275.625 -263.472
42 281.25 -154.698
42 286.875 -124.17
42 292.5 -160.782
42 298.125 -222.685
42 303.75 -57.0588
42 309.375 75.5302
42 315 214.203
42 320.625 350.32
42 326.25 490.708
42 331.875 607.855
42 337.5 593.554
42 343.125 581.01
42 348.75 614.544
42 354.375 567.572
39 0 479.748
39 5.29412 427.942
39 10.5882 360.104
39 15.8824 401.38
39 21.1765 188.458
39 26.4706 339.889
39 31.7647 262.428
39 37.0588 234.591
39 42.3529 118.669
39 47.6471 26.4008
39 52.9412 -261.376
39 58.2353 -307.821
39 63.5294 -317.903
39 68.8235 -161.585
39 74.1176 57.3846
39 79.4118 -271.22
39 84.7059 -486.563
39 90 -289.753
39 95.2941 -391.381
39 100.588 -667.819
39 105.882 -380.942
39 111.176 -311.732
39 116.471 -177.755
39 121.765 77.8692
39 127.059 235.309
39 132.353 217.963
39 137.647 272.54
39 142.941 171.448
39 148.235 166.464
39 153.529 54.3405
39 158.824 -43.6027
39 164.118 -127.698
39 169.412 -208.505
39 174.706 -170.306
39 180 -144.063
39 185.294 -125.108
39 190.588 -85.179
39 195.882 -91.6508
39 201.176 -104.396
39 206.471 -157.824
39 211.765 -190.926
39 217.059 -246.984
39 222.353 -290.364
39 227.647 -305.057
39 232.941 -297.842
39 238.235 -239.177
39 243.529 -92.2437
39 248.824 -108.291
39 254.118 -120.702
39 259.412 -213.461
39 264.706 -291.618
39 270 -258.692
39 275.294 -251.086
39 280.588 -106.39
39 285.882 -214.796
39 291.176 -259.949
39 296.471 -261.726
39 301.765 -183.67
39 307.059 -44.6712
39 312.353 94.9312
39 317.647 217.287
39 322.941 351.516
39 328.235 552.967
39 333.529 547.511
39 338.824 473.418
39 344.118 537.373
39 349.412 717.709
39 354.706 525.004
36 0 436.96
36 5 464.493
36 10 365.761
36 15 394.691
36 20 166.92
36 25 249.651
36 30 -65.9299
36 35 63.5524
36 40 112.346
36 45 -32.3147
36 50 -79.837
36 55 -132.889
36 60 -220.271
36 65 -248.148
36 70 -143.929
36 75 -13.4864
36 80 -456.694
36 85 -303.341
36 90 -274.199
36 95 -324.742
36 100 -572.021
36 105 -494.566
36 110 -313.281
36 115 -236.067
36 120 -18.812
36 125 117.816
36 130 134.732
36 135 256.498
36 140 319.832
36 145 152.064
36 150 112.138
36 155 3.26493
36 160 -75.4901
36 165 -124.731
36 170 -174.505
36 175 -146.994
36 180 -112.923
36 185 -77.5226
36 190 -93.5606
36 195 -97.3414
36 200 -118.77
36 205 -142.492
36 210 -174.562
36 215 -221.625
36 220 -285.903
36 225 -306.725
36 230 -343.716
36 235 -365.5
36 240 -365.622
36 245 -261.987
36 250 -102.759
36 255 -101.843
36 260 -280.579
36 265 -270.678
36 270 -262.404
36 275 -188.108
36 280 -191.634
36 285 -225.203
36 290 -307.601
36 295 -299.026
36 300 -254.295
36 305 -152.937
36 310 -3.94045
36 315 129.131
36 320 260.99
36 325 431.768
36 330 486.895
36 335 478.986
36 340 431.872
36 345 572.538
36 350 406.002
36 355 324.528
33 0 388.498
33 4.73684 308.997
33 9.47368 305.875
33 14.2105 280.729
33 18.9474 231.903
33 23.6842 171.434
33 28.4211 15.1347
33 33.1579 33.0577
33 37.8947 110.243
33 42.6316 13.4851
33 47.3684 -5.82247
33 52.1053 -7.28381
33 56.8421 -177.859
33 61.5789 -244.572
33 66.3158 -215.006
33 71.0526 -427.992
33 75.7895 -299.447
33 80.5263 -347.446
33 85.2632 -281.632
33 90 -305.874
33 94.7368 -389.118
33 99.4737 -459.469
33 104.211 -492.247
33 108.947 -378.975
33 113.684 -291.307
33 118.421 -82.318
33 123.158 80.6928
33 127.895 166.934
33 132.632 294.338
33 137.368 233.14
33 142.105 -134.063
33 146.842 119.291
33 151.579 77.0149
33 156.316 -21.5602
33 161.053 -72.9232
33 165.789 -128.696
33 170.526 -144.762
33 175.263 -97.919
33 180 -66.0858
33 184.737 82.5557
33 189.474 -54.8197
33 194.211 -95.7955
33 198.947 -110.697
33 203.684 -129.255
33 208.421 -138.26
33 213.158 -190.694
33 217.895 -243.268
33 222.632 -279.875
33 227.368 -291.323
33 232.105 -372.957
33 236.842 -390.16
33 241.579 -381.647
33 246.316 -289.366
33 251.053 -138.581
33 255.789 -149.833
33 260.526 -297.957
33 265.263 -278.215
33 270 -282.849
33 274.737 -286.822
33 279.474 -252.646
33 284.211 -376.959
33 288.947 -392.752
33 293.684 -340.231
33 298.421 -303.108
33 303.158 -254.97
33 307.895 -136.391
33 312.632 15.6227
33 317.368 182.334
33 322.105 304.634
33 326.842 379.892
33 331.579 418.16
33 336.316 370.236
33 341.053 486.922
33 345.789 424.796
33 350.526 465.462
33 355.263 488.074
30 0 221.427
30 4.5 216.18
30 9 223.999
30 13.5 297.209
30 18 256.676
30 22.5 168.411
30 27 102.157
30 31.5 86.8674
30 36 96.0148
30 40.5 28.9967
30 45 -66.4646
30 49.5 -212.619
30 54 -136.344
30 58.5 -330.582
30 63 -361.182
30 67.5 -405.836
30 72 -485.308
30 76.5 -441.274
30 81 -19.4437
30 85.5 -264.256
30 90 -322.95
30 94.5 -429.059
30 99 -655.395
30 103.5 -692.62
30 108 -460.98
30 112.5 -328.466
30 117 -136.404
30 121.5 24.8826
30 126 149.431
30 130.5 257.995
30 135 279.41
30 139.5 270.249
30 144 170.987
30 148.5 144.349
30 153 54.7591
30 157.5 -13.8792
30 162 -56.857
30 166.5 -98.2089
30 171 -89.3375
30 175.5 -65.3535
30 180 -41.1789
30 184.5 1.89066
30 189 -24.3222
30 193.5 -47.9127
30 198 -71.1486
30 202.5 -89.4643
30 207 -95.0166
30 211.5 -100.356
30 216 -188.347
30 220.5 -269.618
30 225 -322.536
30 229.5 -362.919
30 234 -390.816
30 238.5 -408.266
30 243 -371.484
30 247.5 -288.037
30 252 -198.26
30 256.5 -148.085
30 261 -199.176
30 265.5 -307.471
30 270 -311.646
30 274.5 -311.805
30 279 -224.093
30 283.5 -293.622
30 288 -421.341
30 292.5 -384.455
30 297 -349.183
30 301.5 -332.622
30 306 -253.127
30 310.5 -107.956
30 315 33.136
30 319.5 172.107
30 324 243.011
30 328.5 290.001
30 333 307.243
30 337.5 335.726
30 342 358.723
30 346.5 391.45
30 351 550.419
30 355.5 417.962
27 0 257.04
27 4.28571 233.801
27 8.57143 244.291
27 12.8571 258.221
27 17.1429 293.069
27 21.4286 182.578
27 25.7143 72.4245
27 30 62.3318
27 34.2857 21.0659
27 38.5714 43.7234
27 42.8571 -2.14603
27 47.1429 -161.706
27 51.4286 -332.969
27 55.7143 -401.307
27 60 -373.634
27 64.2857 -396.814
27 68.5714 -420.105
27 72.8571 -450.578
27 77.1429 -492.272
27 81.4286 -605.781
27 85.7143 -746.902
27 90 -608.377
27 94.2857 -798.112
27 98.5714 -553.863
27 102.857 -723.889
27 107.143 -485.089
27 111.429 -303.461
27 115.714 -166.916
27 120 13.8214
27 124.286 100.333
27 128.571 225.316
27 132.857 287.082
27 137.143 291.855
27 141.429 127.921
27 145.714 192.843
27 150 164.097
27 154.286 86.215
27 158.571 49.5237
27 162.857 -5.88175
27 167.143 -46.4162
27 171.429 -57.8404
27 175.714 -52.2509
27 180 -15.9118
27 184.286 85.5713
27 188.571 -8.75398
27 192.857 23.688
27 197.143 5.34412
27 201.429 -8.96622
27 205.714 -50.0819
27 210 -86.1378
27 214.286 -135.575
27 218.571 -214.269
27 222.857 -288.166
27 227.143 -343.112
27 231.429 -397.502
27 235.714 -427.391
27 240 -440.942
27 244.286 -399.584
27 248.571 -349.4
27 252.857 -165.284
27 257.143 -190.043
27 261.429 -265.372
27 265.714 -362.873
27 270 -348.493
27 274.286 -374.701
27 278.571 -207.782
27 282.857 -220.169
27 287.143 -378.407
27 291.429 -400.855
27 295.714 -380.531
27 300 -410.077
27 304.286 -358.239
27 308.571 -228.861
27 312.857 -104.84
27 317.143 -2.63609
27 321.429 108.153
27 325.714 171.724
27 330 228.063
27 334.286 270.269
27 338.571 300.834
27 342.857 320.721
27 347.143 395.64
27 351.429 449.195
27 355.714 342.123
24 0 359.72
24 4.09091 297.957
24 8.18182 276.688
24 12.2727 219.77
24 16.3636 241.72
24 20.4546 160.37
24 24.5454 67.9821
24 28.6364 59.31
24 32.7273 34.0647
24 36.8182 8.93248
24 40.9091 4.36379
24 45 -62.4467
24 49.0909 -282.663
24 53.1818 -386.803
24 57.2727 -394.469
24 61.3636 -508.639
24 65.4545 -501.313
24 69.5455 -461.636
24 73.6364 -504.85
24 77.7273 -529.604
24 81.8182 -608.168
24 85.9091 -597.632
24 90 -604.499
24 94.0909 -641.73
24 98.1818 -464.705
24 102.273 -523.603
24 106.364 -481.467
24 110.455 -285.436
24 114.545 -153.85
24 118.636 -0.640328
24 122.727 -46.9326
24 126.818 58.4511
24 130.909 289.073
24 135 293.736
24 139.091 330.709
24 143.182 122.344
24 147.273 231.735
24 151.364 153.432
24 155.455 171.381
24 159.545 199.686
24 163.636 44.8291
24 167.727 9.62549
24 171.818 -5.81964
24 175.909 -11.8771
24 180 -10.5927
24 184.091 23.5596
24 188.182 34.3603
24 192.273 83.0024
24 196.364 -6.30434
24 200.455 60.3927
24 204.545 96.854
24 208.636 -50.6113
24 212.727 -111.577
24 216.818 -179.051
24 220.909 -234.309
24 225 -300.723
24 229.091 -375.392
24 233.182 -413.608
24 237.273 -452.367
24 241.364 -458.155
24 245.455 -385.077
24 249.545 -274.722
24 253.636 -267.937
24 257.727 -161.137
24 261.818 -190.828
24 265.909 -352.841
24 270 -401.631
24 274.091 -380.468
24 278.182 -279.173
24 282.273 -154.055
24 286.364 -335.61
24 290.455 -367.293
24 294.545 -369.345
24 298.636 -407.494
24 302.727 -389.919
24 306.818 -328.154
24 310.909 -230.488
24 315 -122.454
24 319.091 -34.1187
24 323.182 26.1438
24 327.273 128.741
24 331.364 186.404
24 335.455 237.371
24 339.545 275.762
24 343.636 373.408
24 347.727 382.033
24 351.818 338.757
24 355.909 308.277
21 0 343.142
21 3.91304 282.363
21 7.82609 202.432
21 11.7391 192.594
21 15.6522 143.009
21 19.5652 71.8295
21 23.4783 37.6504
21 27.3913 40.3028
21 31.3043 33.2239
21 35.2174 32.6363
21 39.1304 -2.41929
21 43.0435 -78.7348
21 46.9565 -244.526
21 50.8696 -381.474
21 54.7826 -400.709
21 58.6957 -399.375
21 62.6087 -536.741
21 66.5217 -557.149
21 70.4348 -554.049
21 74.3478 -593.557
21 78.2609 -605.649
21 82.1739 -594.386
21 86.087 -606.51
21 90 -548.336
21 93.913 -405.367
21 97.8261 -423.356
21 101.739 -417.053
21 105.652 -411.495
21 109.565 -296.289
21 113.478 -149.189
21 117.391 -7.12844
21 121.304 -4.52832
21 125.217 134.911
21 129.13 239.862
21 133.043 286.46
21 136.957 337.524
21 140.87 348.255
21 144.783 333.771
21 148.696 217.507
21 152.609 223.711
21 156.522 284.369
21 160.435 120.624
21 164.348 85.1163
21 168.261 88.1459
21 172.174 64.3188
21 176.087 89.5811
21 180 2.19227
21 183.913 48.5973
21 187.826 46.5575
21 191.739 61.9311
21 195.652 56.5495
21 199.565 64.349
21 203.478 377.863
21 207.391 29.38
21 211.304 -94.856
21 215.217 -145.027
21 219.13 -204.963
21 223.043 -266.458
21 226.957 -335.399
21 230.87 -397.499
21 234.783 -440.802
21 238.696 -466.428
21 242.609 -457.705
21 246.522 -375.855
21 250.435 -294.92
21 254.348 -209.964
21 258.261 -91.5516
21 262.174 -116.902
21 266.087 -248.91
21 270 -239.995
21 273.913 -292.729
21 277.826 -233.847
21 281.739 -138.817
21 285.652 -303.48
21 289.565 -257.89
21 293.478 -243.516
21 297.391 -324.28
21 301.304 -364.262
21 305.217 -351.933
21 309.13 -302.434
21 313.043 -235.73
21 316.957 -121.26
21 320.87 -48.4886
21 324.783 47.2929
21 328.696 150.021
21 332.609 172.929
21 336.522 204.735
21 340.435 226.023
21 344.348 350.492
21 348.261 353.685
21 352.174 295.073
21 356.087 301.428
18 0 279.532
18 3.75 205.425
18 7.5 164.719
18 11.25 143.866
18 15 117.94
18 18.75 48.9431
18 22.5 16.2174
18 26.25 45.5328
18 30 25.8233
18 33.75 5.17667
18 37.5 -40.2468
18 41.25 -92.2296
18 45 -171.778
18 48.75 -332.088
18 52.5 -391.795
18 56.25 -348.494
18 60 -448.287
18 63.75 -562.603
18 67.5 -650.417
18 71.25 -669.584
18 75 -726.125
18 78.75 -682.319
18 82.5 -521.949
18 86.25 -654.594
18 90 -623.646
18 93.75 -558.993
18 97.5 -437.926
18 101.25 -362.058
18 105 -297.825
18 108.75 -213.926
18 112.5 -149.651
18 116.25 14.6208
18 120 53.3688
18 123.75 165.5
18 127.5 292.917
18 131.25 313.915
18 135 322.205
18 138.75 374.803
18 142.5 353.904
18 146.25 242.73
18 150 271.084
18 153.75 230.564
18 157.5 202.277
18 161.25 134.207
18 165 112.639
18 168.75 204.43
18 172.5 143.02
18 176.25 83.2377
18 180 40.4408
18 183.75 86.4167
18 187.5 61.7077
18 191.25 67.4222
18 195 48.3864
18 198.75 57.6285
18 202.5 119.3
18 206.25 49.425
18 210 -47.791
18 213.75 -99.4661
18 217.5 -164.328
18 221.25 -219.499
18 225 -280.193
18 228.75 -350.39
18 232.5 -409.922
18 236.25 -445.419
18 240 -439.449
18 243.75 -423.466
18 247.5 -358.559
18 251.25 -281.988
18 255 -146.731
18 258.75 71.1535
18 262.5 37.3308
18 266.25 -152.726
18 270 -82.3154
18 273.75 -125.74
18 277.5 -81.0577
18 281.25 -30.7182
18 285 -146.333
18 288.75 -37.49
18 292.5 -140.431
18 296.25 -264.784
18 300 -428.733
18 303.75 -351.249
18 307.5 -326.137
18 311.25 -310.309
18 315 -226.423
18 318.75 -138.398
18 322.5 -72.0036
18 326.25 43.1145
18 330 142.95
18 333.75 195.319
18 337.5 220.319
18 341.25 237.88
18 345 295.047
18 348.75 275.398
18 352.5 267.804
18 356.25 280.149
15 0 209.42
15 3.6 188.745
15 7.2 156.376
15 10.8 148.176
15 14.4 83.1679
15 18 34.2795
15 21.6 15.2302
15 25.2 46.8849
15 28.8 20.5405
15 32.4 -7.83261
15 36 -43.5576
15 39.6 -31.3171
15 43.2 -137.19
15 46.8 -226.765
15 50.4 -377.171
15 54 -379.444
15 57.6 -414.039
15 61.2 -560.046
15 64.8 -674.499
15 68.4 -806.686
15 72 -839.841
15 75.6 -811.188
15 79.2 -833.365
15 82.8 -805.117
15 86.4 -731.76
15 90 -640.079
15 93.6 -613.616
15 97.2 -452.554
15 100.8 -362.994
15 104.4 -246.699
15 108 26.6387
15 111.6 -20.4853
15 115.2 73.6363
15 118.8 157.833
15 122.4 213.945
15 126 336.091
15 129.6 350.888
15 133.2 378.923
15 136.8 380.816
15 140.4 394.521
15 144 384.955
15 147.6 208.009
15 151.2 277.808
15 154.8 218.916
15 158.4 189.889
15 162 144.886
15 165.6 180.139
15 169.2 187.121
15 172.8 146.029
15 176.4 123.744
15 180 75.3103
15 183.6 54.8462
15 187.2 46.4662
15 190.8 29.6841
15 194.4 62.4812
15 198 73.0057
15 201.6 50.5344
15 205.2 22.8599
15 208.8 -22.902
15 212.4 -69.826
15 216 -134.078
15 219.6 -144.827
15 223.2 -210.824
15 226.8 -283.783
15 230.4 -354.487
15 234 -400.055
15 237.6 -428.182
15 241.2 -425.71
15 244.8 -392.651
15 248.4 -335.284
15 252 -257.357
15 255.6 -140.61
15 259.2 -45.9577
15 262.8 -49.9204
15 266.4 -9.88002
15 270 84.1869
15 273.6 78.4336
15 277.2 42.7356
15 280.8 10.4444
15 284.4 -43.3476
15 288 -17.4905
15 291.6 -114.732
15 295.2 -224.622
15 298.8 -233.887
15 302.4 -326.575
15 306 -383.435
15 309.6 -342.434
15 313.2 -290.027
15 316.8 -238.4
15 320.4 -144.854
15 324 -77.8835
15 327.6 7.04006
15 331.2 104.12
15 334.8 154.52
15 338.4 176.687
15 342 268.764
15 345.6 272.977
15 349.2 274.049
15 352.8 264.419
15 356.4 294.508
12 0 210.842
12 3.46154 174.456
12 6.92308 163.454
12 10.3846 134.589
12 13.8461 93.5836
12 17.3077 20.8613
12 20.7692 -10.1514
12 24.2308 -17.0223
12 27.6923 -25.3783
12 31.1538 -15.4835
12 34.6154 -70.8148
12 38.0769 -50.3683
12 41.5385 -159.302
12 45 -223.256
12 48.4615 -320.188
12 51.9231 -453.75
12 55.3846 -415.732
12 58.8462 -509.732
12 62.3077 -651.757
12 65.7692 -773.185
12 69.2308 -877.278
12 72.6923 -906.902
12 76.1539 -833.095
12 79.6154 -864.187
12 83.0769 -872.438
12 86.5385 -787.056
12 90 -641.931
12 93.4615 -654.507
12 96.9231 -442.303
12 100.385 -331.622
12 103.846 -202.705
12 107.308 7.96795
12 110.769 33.9084
12 114.231 124.048
12 117.692 220.867
12 121.154 347.269
12 124.615 442.944
12 128.077 422.862
12 131.538 419.992
12 135 410.39
12 138.462 453.314
12 141.923 334.316
12 145.385 324.153
12 148.846 411.109
12 152.308 348.619
12 155.769 250.076
12 159.231 209.991
12 162.692 200.282
12 166.154 240.194
12 169.615 219.357
12 173.077 193.886
12 176.538 146.684
12 180 91.0511
12 183.462 67.2194
12 186.923 72.6096
12 190.385 78.3717
12 193.846 68.5953
12 197.308 112.212
12 200.769 76.7321
12 204.231 60.4325
12 207.692 20.0836
12 211.154 -25.7973
12 214.615 -61.7519
12 218.077 -95.5623
12 221.538 -151.217
12 225 -212.511
12 228.462 -278.695
12 231.923 -337.947
12 235.385 -375.607
12 238.846 -389.451
12 242.308 -385.388
12 245.769 -355.298
12 249.231 -305.566
12 252.692 -230.245
12 256.154 -139.024
12 259.615 -76.3043
12 263.077 -36.814
12 266.538 20.1574
12 270 39.2986
12 273.462 87.8108
12 276.923 139.895
12 280.385 104.378
12 283.846 43.7925
12 287.308 27.6785
12 290.769 -117.393
12 294.231 -185.527
12 297.692 -329.32
12 301.154 -368.515
12 304.615 -388.471
12 308.077 -346.03
12 311.538 -306.594
12 315 -239.402
12 318.462 -156.355
12 321.923 -109.711
12 325.385 -63.2886
12 328.846 -15.4587
12 332.308 70.5033
12 335.769 147.894
12 339.231 209.468
12 342.692 284.238
12 346.154 296.659
12 349.615 318.042
12 353.077 276.539
12 356.538 280.646
9 0 176.811
9 3.33333 179.848
9 6.66667 144.169
9 10 113.397
9 13.3333 67.1094
9 16.6667 -16.7078
9 20 -74.7939
9 23.3333 -39.9171
9 26.6667 -88.5186
9 30 -128.816
9 33.3333 -127.106
9 36.6667 -100.05
9 40 -174.253
9 43.3333 -218.886
9 46.6667 -302.472
9 50 -375.465
9 53.3333 -549.332
9 56.6667 -548.537
9 60 -586.808
9 63.3333 -745.306
9 66.6667 -857.769
9 70 -953.992
9 73.3333 -970.204
9 76.6667 -921.322
9 80 -917.876
9 83.3333 -906.182
9 86.6667 -782.157
9 90 -620.553
9 93.3333 -651.393
9 96.6667 -421.219
9 100 -269.537
9 103.333 -162.674
9 106.667 -46.5026
9 110 60.2932
9 113.333 186.111
9 116.667 289.463
9 120 445.584
9 123.333 420.859
9 126.667 350.494
9 130 435.287
9 133.333 481.112
9 136.667 488.591
9 140 480.423
9 143.333 417.281
9 146.667 515.844
9 150 663.925
9 153.333 397.218
9 156.667 349.659
9 160 299.296
9 163.333 301.874
9 166.667 344.516
9 170 478.159
9 173.333 241.39
9 176.667 164.032
9 180 106.82
9 183.333 83.306
9 186.667 63.4242
9 190 76.6518
9 193.333 108.439
9 196.667 152.561
9 200 105.022
9 203.333 90.2408
9 206.667 57.522
9 210 17.8201
9 213.333 -6.70087
9 216.667 -44.6017
9 220 -98.4626
9 223.333 -145.772
9 226.667 -197.628
9 230 -252.575
9 233.333 -305.754
9 236.667 -332.476
9 240 -337.745
9 243.333 -332.276
9 246.667 -308.265
9 250 -268.147
9 253.333 -201.462
9 256.667 -142.364
9 260 -87.923
9 263.333 -35.8961
9 266.667 5.97111
9 270 49.2241
9 273.333 86.6839
9 276.667 91.9692
9 280 225.147
9 283.333 144.336
9 286.667 132.859
9 290 -36.8082
9 293.333 -108.463
9 296.667 -214.221
9 300 -212.265
9 303.333 -316.442
9 306.667 -363.591
9 310 -338.159
9 313.333 -304.664
9 316.667 -224
9 320 -103.42
9 323.333 -75.6387
9 326.667 -53.4809
9 330 -14.7073
9 333.333 66.5608
9 336.667 145.41
9 340 275.569
9 343.333 267.341
9 346.667 326.356
9 350 340.646
9 353.333 266.662
9 356.667 247.983
6 0 201.968
6 3.21429 66.2265
6 6.42857 135.652
6 9.64286 189.553
6 12.8571 79.6698
6 16.0714 14.2609
6 19.2857 -104.568
6 22.5 -122.144
6 25.7143 -147.224
6 28.9286 -133.916
6 32.1429 -149.3
6 35.3571 -165.584
6 38.5714 -169.298
6 41.7857 -274.417
6 45 -299.951
6 48.2143 -410.779
6 51.4286 -544.736
6 54.6429 -604.212
6 57.8571 -608.006
6 61.0714 -670.154
6 64.2857 -811.625
6 67.5 -932.814
6 70.7143 -1015.03
6 73.9286 -1029.63
6 77.1429 -989.778
6 80.3571 -878.908
6 83.5714 -943.26
6 86.7857 -794.782
6 90 -602.693
6 93.2143 -530.55
6 96.4286 -385.936
6 99.6429 -223.488
6 102.857 -91.6061
6 106.071 11.2739
6 109.286 118.941
6 112.5 251.665
6 115.714 323.819
6 118.929 417.349
6 122.143 408.263
6 125.357 479.501
6 128.571 335.947
6 131.786 452.857
6 135 497.37
6 138.214 538.431
6 141.429 533.268
6 144.643 532.564
6 147.857 563.895
6 151.071 499.653
6 154.286 493.102
6 157.5 467.132
6 160.714 401.791
6 163.929 340.059
6 167.143 303.477
6 170.357 297.01
6 173.571 265.734
6 176.786 172.347
6 180 139.259
6 183.214 110.415
6 186.429 77.6827
6 189.643 98.5702
6 192.857 119.626
6 196.071 156.513
6 199.286 161.322
6 202.5 137.503
6 205.714 108.257
6 208.929 71.9113
6 212.143 35.0251
6 215.357 6.86646
6 218.571 -32.1162
6 221.786 -91.3326
6 225 -126.052
6 228.214 -164.84
6 231.429 -214.226
6 234.643 -252.66
6 237.857 -276.658
6 241.071 -288.732
6 244.286 -284.742
6 247.5 -267.114
6 250.714 -231.717
6 253.929 -191.592
6 257.143 -142.143
6 260.357 -93.7311
6 263.571 -55.2082
6 266.786 -8.94113
6 270 26.9488
6 273.214 59.129
6 276.429 110.152
6 279.643 225.553
6 282.857 312.77
6 286.071 330.056
6 289.286 63.2899
6 292.5 -63.9115
6 295.714 -47.9857
6 298.929 -66.1098
6 302.143 -169.793
6 305.357 -237.203
6 308.571 -230.908
6 311.786 -312.432
6 315 -271.598
6 318.214 -190.969
6 321.429 -126.191
6 324.643 -71.6547
6 327.857 5.98623
6 331.071 48.4657
6 334.286 83.2185
6 337.5 132.133
6 340.714 186.015
6 343.929 202.213
6 347.143 216.906
6 350.357 274.928
6 353.571 261.018
6 356.786 239.788
3 0 141.886
3 3.10345 112.514
3 6.2069 135.454
3 9.31034 99.0737
3 12.4138 44.1116
3 15.5172 -20.6329
3 18.6207 -98.1489
3 21.7241 -197.687
3 24.8276 -169.296
3 27.931 -156.531
3 31.0345 -158.506
3 34.1379 -182.673
3 37.2414 -235.656
3 40.3448 -274.163
3 43.4483 -299.76
3 46.5517 -377.486
3 49.6552 -521.299
3 52.7586 -554.81
3 55.8621 -601.677
3 58.9655 -669.251
3 62.069 -740.336
3 65.1724 -831.756
3 68.2759 -928.386
3 71.3793 -1026.87
3 74.4828 -1032.83
3 77.5862 -1034.17
3 80.6897 -998.096
3 83.7931 -935.726
3 86.8966 -821.226
3 90 -633.565
3 93.1034 -525.454
3 96.2069 -400.812
3 99.3103 -196.607
3 102.414 -39.2002
3 105.517 64.3777
3 108.621 160.099
3 111.724 253.01
3 114.828 327.269
3 117.931 379.905
3 121.034 381.411
3 124.138 377.948
3 127.241 217.619
3 130.345 399.573
3 133.448 490.407
3 136.552 550.543
3 139.655 567.719
3 142.759 577.753
3 145.862 543.839
3 148.966 513.037
3 152.069 480.598
3 155.172 492.734
3 158.276 444.221
3 161.379 398.624
3 164.483 348.556
3 167.586 293.5
3 170.69 265.306
3 173.793 248.747
3 176.897 179.557
3 180 174.246
3 183.103 138.116
3 186.207 115.106
3 189.31 112.987
3 192.414 112.717
3 195.517 122.921
3 198.621 170.979
3 201.724 210.36
3 204.828 154.433
3 207.931 107.601
3 211.034 93.0925
3 214.138 54.9648
3 217.241 19.5277
3 220.345 -12.4745
3 223.448 -70.0843
3 226.552 -108.542
3 229.655 -148.748
3 232.759 -188.408
3 235.862 -225.097
3 238.966 -247.905
3 242.069 -255.654
3 245.172 -240.894
3 248.276 -224.938
3 251.379 -199.213
3 254.483 -167.927
3 257.586 -141.803
3 260.69 -105.87
3 263.793 -76.1883
3 266.897 -25.2447
3 270 7.46793
3 273.103 32.9689
3 276.207 82.4448
3 279.31 185.269
3 282.414 291.833
3 285.517 265.004
3 288.621 171.36
3 291.724 65.9583
3 294.828 -57.6221
3 297.931 -76.4239
3 301.034 -157.197
3 304.138 -205.279
3 307.241 -229.94
3 310.345 -249.742
3 313.448 -271.637
3 316.552 -225.337
3 319.655 -183.425
3 322.759 -112.351
3 325.862 -39.4617
3 328.966 26.2277
3 332.069 49.9401
3 335.172 89.9731
3 338.276 101.701
3 341.379 119.447
3 344.483 164.465
3 347.586 207.041
3 350.69 216.877
3 353.793 190.119
3 356.897 175.656
0 0 126.383
0 3 152.911
0 6 126.232
0 9 71.9484
0 12 36.3312
0 15 -67.7099
0 18 -114.424
0 21 -202.218
0 24 -246.464
0 27 -185.987
0 30 -175.519
0 33 -155.523
0 36 -142.593
0 39 -203.604
0 42 -343.172
0 45 -451.637
0 48 -503.501
0 51 -525.298
0 54 -559.987
0 57 -615.091
0 60 -669.727
0 63 -762.734
0 66 -803.586
0 69 -920.046
0 72 -1036.71
0 75 -1091.94
0 78 -1058.89
0 81 -1028.6
0 84 -927.985
0 87 -789.823
0 90 -659.914
0 93 -495.152
0 96 -311.472
0 99 -133.031
0 102 -21.7844
0 105 115.29
0 108 182.258
0 111 263.922
0 114 378.727
0 117 402.895
0 120 428.12
0 123 108.875
0 126 32.181
0 129 388.709
0 132 351.096
0 135 585.583
0 138 574.516
0 141 604.378
0 144 601.806
0 147 537.387
0 150 528.089
0 153 517.126
0 156 532.256
0 159 454.983
0 162 378.754
0 165 340.425
0 168 321.912
0 171 263.921
0 174 191.791
0 177 207.996
0 180 199.079
0 183 147.571
0 186 129.206
0 189 114.468
0 192 115.786
0 195 63.0431
0 198 144.261
0 201 184.544
0 204 183.666
0 207 148.223
0 210 134.172
0 213 98.0449
0 216 58.1686
0 219 39.7079
0 222 -9.59838
0 225 -71.9528
0 228 -96.583
0 231 -134.686
0 234 -171.911
0 237 -197.385
0 240 -209.587
0 243 -222.868
0 246 -207.496
0 249 -186.154
0 252 -170.079
0 255 -151.788
0 258 -135.961
0 261 -115.2
0 264 -86.5842
0 267 -57.7802
0 270 3.63323
0 273 19.2183
0 276 0.24209
0 279 57.2463
0 282 586.9
0 285 285.694
0 288 224.196
0 291 148.546
0 294 28.5611
0 297 -32.1791
0 300 -107.853
0 303 -187
0 306 -198.063
0 309 -181.848
0 312 -254.106
0 315 -205.712
0 318 -235.729
0 321 -185.75
0 324 -134.864
0 327 -62.7511
0 330 15.7397
0 333 77.5601
0 336 71.4836
0 339 28.8867
0 342 0.510212
0 345 180.056
0 348 206.362
0 351 212.646
0 354 203.097
0 357 165.985
-3 0 203.994
-3 3.10345 154.03
-3 6.2069 93.8688
-3 9.31034 52.5701
-3 12.4138 25.7472
-3 15.5172 -11.2695
-3 18.6207 -126.745
-3 21.7241 -181.415
-3 24.8276 -222.93
-3 27.931 -158.941
-3 31.0345 -123.136
-3 34.1379 -94.8466
-3 37.2414 155.621
-3 40.3448 -253.382
-3 43.4483 -392.092
-3 46.5517 -464.691
-3 49.6552 -499.75
-3 52.7586 -531.527
-3 55.8621 -583.988
-3 58.9655 -606.39
-3 62.069 -682.239
-3 65.1724 -753.25
-3 68.2759 -816.419
-3 71.3793 -932.098
-3 74.4828 -1030.33
-3 77.5862 -1016.44
-3 80.6897 -989.103
-3 83.7931 -885.486
-3 86.8966 -752.047
-3 90 -610.999
-3 93.1034 -461.829
-3 96.2069 -297.778
-3 99.3103 -192.039
-3 102.414 60.3608
-3 105.517 135.81
-3 108.621 197.78
-3 111.724 267.692
-3 114.828 310.425
-3 117.931 418.634
-3 121.034 365.337
-3 124.138 288.427
-3 127.241 228.804
-3 130.345 239.335
-3 133.448 395.547
-3 136.552 537.898
-3 139.655 545.155
-3 142.759 661.258
-3 145.862 706.313
-3 148.966 690.483
-3 152.069 660.53
-3 155.172 576.012
-3 158.276 504.524
-3 161.379 446.931
-3 164.483 352.616
-3 167.586 330.788
-3 170.69 295.699
-3 173.793 274.09
-3 176.897 299.83
-3 180 219.305
-3 183.103 155.369
-3 186.207 128.111
-3 189.31 109.005
-3 192.414 103.5
-3 195.517 103.193
-3 198.621 124.107
-3 201.724 136.715
-3 204.828 142.233
-3 207.931 149.875
-3 211.034 115.26
-3 214.138 85.2337
-3 217.241 58.4937
-3 220.345 28.6499
-3 223.448 -16.4875
-3 226.552 -67.796
-3 229.655 -96.9565
-3 232.759 -126.274
-3 235.862 -163.108
-3 238.966 -160.871
-3 242.069 -177.9
-3 245.172 -177.872
-3 248.276 -160.235
-3 251.379 -146.75
-3 254.483 -134.862
-3 257.586 -131.432
-3 260.69 -121.32
-3 263.793 -109.7
-3 266.897 -87.9327
-3 270 -44.6488
-3 273.103 -13.2538
-3 276.207 6.75301
-3 279.31 -13.9436
-3 282.414 93.0819
-3 285.517 219.924
-3 288.621 217.255
-3 291.724 110.304
-3 294.828 33.2436
-3 297.931 -62.9591
-3 301.034 -139.107
-3 304.138 -151.564
-3 307.241 -200.902
-3 310.345 -217.699
-3 313.448 -242.149
-3 316.552 -184.134
-3 319.655 -135.732
-3 322.759 -137.117
-3 325.862 -81.0169
-3 328.966 -35.346
-3 332.069 -4.62378
-3 335.172 9.94892
-3 338.276 11.9084
-3 341.379 57.6493
-3 344.483 156.188
-3 347.586 218.236
-3 350.69 194.03
-3 353.793 188.988
-3 356.897 171.715
-6 0 202.289
-6 3.21429 114.375
-6 6.42857 74.2805
-6 9.64286 69.2948
-6 12.8571 57.4648
-6 16.0714 39.0972
-6 19.2857 -37.814
-6 22.5 -103.979
-6 25.7143 -148.783
-6 28.9286 -87.8556
-6 32.1429 -131.095
-6 35.3571 -145.533
-6 38.5714 -146.374
-6 41.7857 -379.007
-6 45 -404.463
-6 48.2143 -390.964
-6 51.4286 -505.259
-6 54.6429 -536.506
-6 57.8571 -506.932
-6 61.0714 -571.38
-6 64.2857 -669.67
-6 67.5 -730.96
-6 70.7143 -836.938
-6 73.9286 -919.062
-6 77.1429 -916.166
-6 80.3571 -914.612
-6 83.5714 -852.564
-6 86.7857 -728.285
-6 90 -600.135
-6 93.2143 -488.058
-6 96.4286 -343.993
-6 99.6429 -168.072
-6 102.857 -107.568
-6 106.071 88.511
-6 109.286 120.252
-6 112.5 210.572
-6 115.714 325.57
-6 118.929 357.679
-6 122.143 304.726
-6 125.357 299.425
-6 128.571 260.59
-6 131.786 111.198
-6 135 470.174
-6 138.214 521.972
-6 141.429 609.847
-6 144.643 908.304
-6 147.857 642.819
-6 151.071 728.956
-6 154.286 656.532
-6 157.5 526.563
-6 160.714 545.737
-6 163.929 467.081
-6 167.143 374.849
-6 170.357 324.808
-6 173.571 288.36
-6 176.786 236.248
-6 180 204.647
-6 183.214 143.844
-6 186.429 111.451
-6 189.643 92.1258
-6 192.857 110.532
-6 196.071 122.927
-6 199.286 101.201
-6 202.5 92.7725
-6 205.714 97.9273
-6 208.929 103.847
-6 212.143 81.7794
-6 215.357 81.7164
-6 218.571 87.358
-6 221.786 48.5547
-6 225 -28.4839
-6 228.214 -66.5641
-6 231.429 -90.9777
-6 234.643 -127.448
-6 237.857 -138.011
-6 241.071 -140.64
-6 244.286 -144.93
-6 247.5 -133.834
-6 250.714 -113.231
-6 253.929 -107.228
-6 257.143 -117.855
-6 260.357 -122.356
-6 263.571 -119.865
-6 266.786 -108.646
-6 270 -72.286
-6 273.214 -40.7548
-6 276.429 0.646374
-6 279.643 23.1256
-6 282.857 50.7444
-6 286.071 214.739
-6 289.286 264.913
-6 292.5 149.582
-6 295.714 47.9737
-6 298.929 -39.1794
-6 302.143 -73.8274
-6 305.357 -161.882
-6 308.571 -184.739
-6 311.786 -222.505
-6 315 -198.847
-6 318.214 -128.89
-6 321.429 -56.2495
-6 324.643 -6.66696
-6 327.857 -49.4862
-6 331.071 -51.0767
-6 334.286 -17.8005
-6 337.5 34.5585
-6 340.714 80.5008
-6 343.929 136.349
-6 347.143 182.127
-6 350.357 193.391
-6 353.571 163.98
-6 356.786 188.821
-9 0 165.795
-9 3.33333 109.021
-9 6.66667 102.869
-9 10 116.522
-9 13.3333 154.769
-9 16.6667 103.554
-9 20 34.3143
-9 23.3333 -44.5441
-9 26.6667 -136.952
-9 30 -145.818
-9 33.3333 -128.763
-9 36.6667 -223.857
-9 40 -392.937
-9 43.3333 -369.093
-9 46.6667 -404.219
-9 50 -349.155
-9 53.3333 -516.621
-9 56.6667 -414.996
-9 60 -389.373
-9 63.3333 -535.389
-9 66.6667 -618.005
-9 70 -691.076
-9 73.3333 -776.014
-9 76.6667 -802.169
-9 80 -786.999
-9 83.3333 -741.592
-9 86.6667 -680.752
-9 90 -648.864
-9 93.3333 -514.992
-9 96.6667 -363.892
-9 100 -268.63
-9 103.333 -154.524
-9 106.667 -149.98
-9 110 -123.404
-9 113.333 161.88
-9 116.667 379.564
-9 120 270.443
-9 123.333 120.245
-9 126.667 211.781
-9 130 265.979
-9 133.333 417.181
-9 136.667 535.138
-9 140 591.371
-9 143.333 685.319
-9 146.667 625.796
-9 150 591.28
-9 153.333 594.802
-9 156.667 584.737
-9 160 628.477
-9 163.333 550.54
-9 166.667 419.275
-9 170 374.388
-9 173.333 324.598
-9 176.667 276.165
-9 180 211.127
-9 183.333 155.265
-9 186.667 116.106
-9 190 103.489
-9 193.333 89.9403
-9 196.667 68.6422
-9 200 37.4132
-9 203.333 57.8094
-9 206.667 50.7793
-9 210 42.7478
-9 213.333 41.3214
-9 216.667 68.4828
-9 220 227.699
-9 223.333 28.1257
-9 226.667 -50.3271
-9 230 -85.1193
-9 233.333 -107.432
-9 236.667 -108.365
-9 240 -117.698
-9 243.333 -117.907
-9 246.667 -87.8884
-9 250 -80.0993
-9 253.333 -78.3078
-9 256.667 -87.0479
-9 260 -97.1009
-9 263.333 -100.234
-9 266.667 -107.702
-9 270 -85.2367
-9 273.333 -47.4668
-9 276.667 17.2677
-9 280 143.388
-9 283.333 199.226
-9 286.667 254.858
-9 290 281.691
-9 293.333 184.183
-9 296.667 128.636
-9 300 68.696
-9 303.333 -46.8518
-9 306.667 -128.407
-9 310 -164.763
-9 313.333 -166.749
-9 316.667 -102.102
-9 320 -75.2382
-9 323.333 6.59861
-9 326.667 -74.5235
-9 330 -66.2422
-9 333.333 -32.6478
-9 336.667 25.3285
-9 340 113.756
-9 343.333 127.19
-9 346.667 161.114
-9 350 179.396
-9 353.333 170.069
-9 356.667 176.818
-12 0 160.317
-12 3.46154 140.894
-12 6.92308 151.598
-12 10.3846 172.233
-12 13.8461 180.375
-12 17.3077 172.522
-12 20.7692 82.2006
-12 24.2308 5.37175
-12 27.6923 -48.1819
-12 31.1538 -95.5392
-12 34.6154 -224.65
-12 38.0769 -272.212
-12 41.5385 -299.844
-12 45 -322.053
-12 48.4615 -311.898
-12 51.9231 -329.73
-12 55.3846 -353.453
-12 58.8462 -370.753
-12 62.3077 -409.083
-12 65.7692 -476.523
-12 69.2308 -531.87
-12 72.6923 -619.833
-12 76.1539 -679.292
-12 79.6154 -685.654
-12 83.0769 -654.666
-12 86.5385 -601.041
-12 90 -600.581
-12 93.4615 -503.699
-12 96.9231 -286.191
-12 100.385 -335.013
-12 103.846 -255.335
-12 107.308 -182.386
-12 110.769 -39.0889
-12 114.231 83.8008
-12 117.692 146.48
-12 121.154 143.534
-12 124.615 265.972
-12 128.077 303.517
-12 131.538 365.912
-12 135 484.574
-12 138.462 537.068
-12 141.923 565.579
-12 145.385 579.13
-12 148.846 517.979
-12 152.308 490.141
-12 155.769 512.44
-12 159.231 514.279
-12 162.692 516.536
-12 166.154 278.166
-12 169.615 441.74
-12 173.077 350.921
-12 176.538 369.658
-12 180 275.327
-12 183.462 191.262
-12 186.923 50.8912
-12 190.385 48.9524
-12 193.846 63.4524
-12 197.308 79.3312
-12 200.769 46.9998
-12 204.231 38.4588
-12 207.692 25.2404
-12 211.154 32.4477
-12 214.615 48.6786
-12 218.077 25.9427
-12 221.538 13.3482
-12 225 -43.0522
-12 228.462 -62.1145
-12 231.923 -85.4055
-12 235.385 -93.4046
-12 238.846 -83.8907
-12 242.308 -70.2547
-12 245.769 -47.1294
-12 249.231 -40.2562
-12 252.692 -49.429
-12 256.154 -65.3499
-12 259.615 -73.2395
-12 263.077 -81.1464
-12 266.538 -82.9741
-12 270 -70.7239
-12 273.462 -26.6777
-12 276.923 17.5897
-12 280.385 56.7798
-12 283.846 311.445
-12 287.308 278.452
-12 290.769 252.375
-12 294.231 238.953
-12 297.692 218.635
-12 301.154 116.187
-12 304.615 -14.4982
-12 308.077 -53.0085
-12 311.538 -93.4266
-12 315 -99.4184
-12 318.462 -54.3657
-12 321.923 -22.7865
-12 325.385 -49.0898
-12 328.846 -54.0199
-12 332.308 -47.5414
-12 335.769 -24.0157
-12 339.231 32.6487
-12 342.692 76.9794
-12 346.154 124.896
-12 349.615 131.141
-12 353.077 168.186
-12 356.538 157.326
-15 0 184.738
-15 3.6 166.145
-15 7.2 171.589
-15 10.8 192.715
-15 14.4 256.595
-15 18 179.71
-15 21.6 96.1939
-15 25.2 45.6117
-15 28.8 -36.4118
-15 32.4 -98.4549
-15 36 -136.736
-15 39.6 -213.78
-15 43.2 -268.552
-15 46.8 -190.656
-15 50.4 -156.045
-15 54 -257.668
-15 57.6 -285.925
-15 61.2 -240.377
-15 64.8 -326.258
-15 68.4 -395.767
-15 72 -483.103
-15 75.6 -544.215
-15 79.2 -566.443
-15 82.8 -578.152
-15 86.4 -518.833
-15 90 -456.425
-15 93.6 -445.279
-15 97.2 -396.393
-15 100.8 -395.205
-15 104.4 -363.879
-15 108 -255.053
-15 111.6 -177.858
-15 115.2 -74.9913
-15 118.8 -37.7242
-15 122.4 176.855
-15 126 289.531
-15 129.6 271.229
-15 133.2 351.316
-15 136.8 449.629
-15 140.4 483.837
-15 144 553.099
-15 147.6 540.783
-15 151.2 484.099
-15 154.8 509.539
-15 158.4 537.108
-15 162 464.933
-15 165.6 380.681
-15 169.2 512.311
-15 172.8 495.6
-15 176.4 445.64
-15 180 362.139
-15 183.6 213.661
-15 187.2 -237.436
-15 190.8 -21.3945
-15 194.4 39.2047
-15 198 26.4297
-15 201.6 23.4039
-15 205.2 38.3984
-15 208.8 41.6459
-15 212.4 160.861
-15 216 77.259
-15 219.6 -10.9496
-15 223.2 -63.8625
-15 226.8 -86.3765
-15 230.4 -90.387
-15 234 -81.1109
-15 237.6 -70.6013
-15 241.2 -46.8927
-15 244.8 -26.8299
-15 248.4 -22.4295
-15 252 -25.9367
-15 255.6 -40.8643
-15 259.2 -53.7658
-15 262.8 -52.5359
-15 266.4 -53.8732
-15 270 -46.4305
-15 273.6 -26.1626
-15 277.2 17.4119
-15 280.8 114.019
-15 284.4 216.487
-15 288 352.645
-15 291.6 298.268
-15 295.2 250.169
-15 298.8 214.399
-15 302.4 54.9613
-15 306 9.282
-15 309.6 -42.957
-15 313.2 -70.6252
-15 316.8 -75.3506
-15 320.4 -61.4542
-15 324 -21.4947
-15 327.6 -40.5277
-15 331.2 -38.4308
-15 334.8 -28.6973
-15 338.4 -13.6623
-15 342 6.66031
-15 345.6 73.372
-15 349.2 118.916
-15 352.8 147.009
-15 356.4 147.607
-18 0 198.225
-18 3.75 191.087
-18 7.5 218.33
-18 11.25 257.67
-18 15 281.044
-18 18.75 224.346
-18 22.5 136.446
-18 26.25 52.104
-18 30 -1.56315
-18 33.75 -37.1332
-18 37.5 -15.8442
-18 41.25 -141.725
-18 45 -122.155
-18 48.75 -34.0771
-18 52.5 -153.091
-18 56.25 -236.932
-18 60 -260.26
-18 63.75 -207.977
-18 67.5 -260.512
-18 71.25 -363.45
-18 75 -433.544
-18 78.75 -476.97
-18 82.5 -503.37
-18 86.25 -518.628
-18 90 -462.084
-18 93.75 -437.134
-18 97.5 -454.251
-18 101.25 -449.011
-18 105 -393.679
-18 108.75 -337.814
-18 112.5 -279.433
-18 116.25 -161.823
-18 120 -20.3682
-18 123.75 124.965
-18 127.5 248.682
-18 131.25 247.854
-18 135 317.621
-18 138.75 398.243
-18 142.5 465.283
-18 146.25 492.42
-18 150 538.564
-18 153.75 510.867
-18 157.5 494.018
-18 161.25 447.579
-18 165 441.552
-18 168.75 493.404
-18 172.5 559.45
-18 176.25 512.216
-18 180 403.18
-18 183.75 239.866
-18 187.5 -265.568
-18 191.25 -9.08663
-18 195 37.8399
-18 198.75 29.5306
-18 202.5 19.5482
-18 206.25 4.34742
-18 210 39.4512
-18 213.75 30.7966
-18 217.5 -28.9674
-18 221.25 -49.8582
-18 225 -83.3238
-18 228.75 -103.019
-18 232.5 -101.23
-18 236.25 -78.589
-18 240 -47.0469
-18 243.75 -27.9449
-18 247.5 -19.0439
-18 251.25 -21.2751
-18 255 -25.0358
-18 258.75 -33.8574
-18 262.5 -37.1962
-18 266.25 -37.2521
-18 270 -25.4947
-18 273.75 -6.37955
-18 277.5 37.4307
-18 281.25 125.379
-18 285 180.584
-18 288.75 173.688
-18 292.5 378.257
-18 296.25 333.102
-18 300 220.865
-18 303.75 105.102
-18 307.5 -28.5207
-18 311.25 -102.091
-18 315 -32.979
-18 318.75 -9.48681
-18 322.5 155.074
-18 326.25 -6.10742
-18 330 -22.5631
-18 333.75 -37.2707
-18 337.5 -7.97993
-18 341.25 5.59318
-18 345 53.1461
-18 348.75 121.111
-18 352.5 158.359
-18 356.25 167.08
-21 0 204.523
-21 3.91304 248.566
-21 7.82609 301.18
-21 11.7391 270.222
-21 15.6522 331.165
-21 19.5652 291.478
-21 23.4783 194.786
-21 27.3913 131.482
-21 31.3043 17.1394
-21 35.2174 -23.6982
-21 39.1304 -40.9955
-21 43.0435 -38.1997
-21 46.9565 24.5323
-21 50.8696 -81.0648
-21 54.7826 -70.188
-21 58.6957 -172.687
-21 62.6087 -152.457
-21 66.5217 -158.979
-21 70.4348 -218.139
-21 74.3478 -308.042
-21 78.2609 -372.157
-21 82.1739 -415.909
-21 86.087 -436.5
-21 90 -455.686
-21 93.913 -457.605
-21 97.8261 -482.446
-21 101.739 -466.357
-21 105.652 -414.48
-21 109.565 -372.109
-21 113.478 -320.811
-21 117.391 -142.369
-21 121.304 -9.23726
-21 125.217 31.9288
-21 129.13 82.1667
-21 133.043 200.244
-21 136.957 257.933
-21 140.87 373.996
-21 144.783 408.382
-21 148.696 491.121
-21 152.609 507.313
-21 156.522 537.124
-21 160.435 499.08
-21 164.348 432.624
-21 168.261 465.068
-21 172.174 575.637
-21 176.087 536.424
-21 180 400.296
-21 183.913 350.812
-21 187.826 63.2253
-21 191.739 63.1722
-21 195.652 64.1411
-21 199.565 44.522
-21 203.478 19.6799
-21 207.391 7.63446
-21 211.304 -9.5382
-21 215.217 -43.622
-21 219.13 -70.7911
-21 223.043 -49.7813
-21 226.957 -109.239
-21 230.87 -124.956
-21 234.783 -90.9927
-21 238.696 -59.0748
-21 242.609 -39.8683
-21 246.522 -32.3194
-21 250.435 -34.9842
-21 254.348 -15.0151
-21 258.261 -19.9268
-21 262.174 -23.0372
-21 266.087 -7.46763
-21 270 0.757102
-21 273.913 11.6823
-21 277.826 37.6562
-21 281.739 115.617
-21 285.652 174.566
-21 289.565 260.33
-21 293.478 335.714
-21 297.391 224.914
-21 301.304 172.699
-21 305.217 52.7271
-21 309.13 -38.9129
-21 313.043 25.0726
-21 316.957 -16.1863
-21 320.87 -54.5651
-21 324.783 -57.7815
-21 328.696 -37.655
-21 332.609 -31.4095
-21 336.522 -10.5267
-21 340.435 2.44049
-21 344.348 62.1722
-21 348.261 161.415
-21 352.174 152.942
-21 356.087 170.943
-24 0 219.398
-24 4.09091 285.976
-24 8.18182 262.109
-24 12.2727 297.077
-24 16.3636 436.826
-24 20.4546 302.157
-24 24.5454 243.112
-24 28.6364 203.478
-24 32.7273 87.2294
-24 36.8182 79.0038
-24 40.9091 23.1526
-24 45 112.059
-24 49.0909 -7.36654
-24 53.1818 -40.3452
-24 57.2727 -51.6394
-24 61.3636 -58.8318
-24 65.4545 -83.2115
-24 69.5455 -148.725
-24 73.6364 -190.42
-24 77.7273 -258.224
-24 81.8182 -315.041
-24 85.9091 -373.547
-24 90 -419.456
-24 94.0909 -440.824
-24 98.1818 -470.327
-24 102.273 -444.201
-24 106.364 -443.413
-24 110.455 -414.32
-24 114.545 -248.396
-24 118.636 -134.219
-24 122.727 -71.8304
-24 126.818 -38.6172
-24 130.909 -77.3488
-24 135 68.3718
-24 139.091 196.98
-24 143.182 269.237
-24 147.273 398.085
-24 151.364 419.292
-24 155.455 429.517
-24 159.545 625.764
-24 163.636 497.051
-24 167.727 502.495
-24 171.818 518.432
-24 175.909 487.434
-24 180 399.598
-24 184.091 328.917
-24 188.182 168.92
-24 192.273 92.9969
-24 196.364 50.9086
-24 200.455 18.084
-24 204.545 -0.387724
-24 208.636 -11.7873
-24 212.727 -5.70927
-24 216.818 -57.5677
-24 220.909 -90.8995
-24 225 -131.652
-24 229.091 -129.196
-24 233.182 -99.8541
-24 237.273 -65.1115
-24 241.364 -68.0199
-24 245.455 -57.1819
-24 249.545 -44.8611
-24 253.636 -34.1502
-24 257.727 -21.9722
-24 261.818 -6.77523
-24 265.909 -1.87008
-24 270 23.7435
-24 274.091 40.6952
-24 278.182 37.0817
-24 282.273 124.761
-24 286.364 191.575
-24 290.455 218.739
-24 294.545 295.74
-24 298.636 241.706
-24 302.727 149.527
-24 306.818 30.5876
-24 310.909 24.4202
-24 315 -21.7734
-24 319.091 -72.6186
-24 323.182 -58.6771
-24 327.273 -32.1489
-24 331.364 -29.0671
-24 335.455 -10.1485
-24 339.545 40.6781
-24 343.636 82.8356
-24 347.727 159.331
-24 351.818 165.375
-24 355.909 176.913
-27 0 230.86
-27 4.28571 312.417
-27 8.57143 292.527
-27 12.8571 310.314
-27 17.1429 364.839
-27 21.4286 305.452
-27 25.7143 315.211
-27 30 329.585
-27 34.2857 171.88
-27 38.5714 62.6034
-27 42.8571 83.723
-27 47.1429 82.0968
-27 51.4286 23.2499
-27 55.7143 19.7382
-27 60 -7.57693
-27 64.2857 35.3108
-27 68.5714 -38.0947
-27 72.8571 -76.0995
-27 77.1429 -163.393
-27 81.4286 -217.808
-27 85.7143 -292.661
-27 90 -349.92
-27 94.2857 -417.033
-27 98.5714 -437.977
-27 102.857 -425.402
-27 107.143 -417.774
-27 111.429 -389.493
-27 115.714 -237.198
-27 120 -212.8
-27 124.286 -164.348
-27 128.571 -160.92
-27 132.857 -122.7
-27 137.143 62.8727
-27 141.429 160.873
-27 145.714 252.85
-27 150 309.778
-27 154.286 283.318
-27 158.571 408.472
-27 162.857 463.214
-27 167.143 460.29
-27 171.429 485.307
-27 175.714 465.866
-27 180 352.144
-27 184.286 -43.1531
-27 188.571 138.354
-27 192.857 109.976
-27 197.143 50.9737
-27 201.429 13.17
-27 205.714 -8.73642
-27 210 -25.1698
-27 214.286 -26.5208
-27 218.571 -51.6045
-27 222.857 -114.598
-27 227.143 -136.146
-27 231.429 -125.652
-27 235.714 -101.372
-27 240 -87.995
-27 244.286 -102.979
-27 248.571 -62.9479
-27 252.857 -46.0772
-27 257.143 2.22564
-27 261.429 -10.9312
-27 265.714 -0.346853
-27 270 12.2474
-27 274.286 28.1434
-27 278.571 66.2542
-27 282.857 130.283
-27 287.143 177.732
-27 291.429 538.324
-27 295.714 343.21
-27 300 215.531
-27 304.286 119.844
-27 308.571 39.4785
-27 312.857 -1.77861
-27 317.143 -61.4798
-27 321.429 2.53777
-27 325.714 18.1273
-27 330 30.5639
-27 334.286 47.1351
-27 338.571 86.9728
-27 342.857 111.524
-27 347.143 154.527
-27 351.429 168.989
-27 355.714 199.554
-30 0 259.456
-30 4.5 277.927
-30 9 289.312
-30 13.5 310.968
-30 18 348.019
-30 22.5 355.331
-30 27 336.034
-30 31.5 364.03
-30 36 226.108
-30 40.5 124.601
-30 45 186.256
-30 49.5 122.623
-30 54 143.853
-30 58.5 74.6233
-30 63 64.0917
-30 67.5 57.5855
-30 72 11.1002
-30 76.5 -46.442
-30 81 -132.341
-30 85.5 -228.301
-30 90 -281.797
-30 94.5 -352.251
-30 99 -402.538
-30 103.5 -431.164
-30 108 -441.937
-30 112.5 -389.96
-30 117 -284.489
-30 121.5 -296.839
-30 126 -252.631
-30 130.5 -211.593
-30 135 -70.2218
-30 139.5 118.25
-30 144 180.048
-30 148.5 239.859
-30 153 363.543
-30 157.5 393.022
-30 162 403.716
-30 166.5 384.327
-30 171 434.525
-30 175.5 458.13
-30 180 468.362
-30 184.5 251.61
-30 189 154.961
-30 193.5 94.6302
-30 198 61.077
-30 202.5 21.4236
-30 207 -5.64222
-30 211.5 -24.4478
-30 216 -59.8043
-30 220.5 -79.8889
-30 225 -111.282
-30 229.5 -127.27
-30 234 -112.313
-30 238.5 -109.444
-30 243 -108.234
-30 247.5 -85.7676
-30 252 -68.1987
-30 256.5 -40.103
-30 261 -33.3299
-30 265.5 -23.3082
-30 270 5.08369
-30 274.5 2.96965
-30 279 52.5875
-30 283.5 97.0803
-30 288 76.8569
-30 292.5 491.826
-30 297 269.934
-30 301.5 179.281
-30 306 76.6261
-30 310.5 29.2462
-30 315 -46.4108
-30 319.5 -66.2493
-30 324 14.1996
-30 328.5 69.4355
-30 333 81.0746
-30 337.5 96.069
-30 342 135.632
-30 346.5 194.282
-30 351 181.805
-30 355.5 219.413
-33 0 231.597
-33 4.73684 237.235
-33 9.47368 255.533
-33 14.2105 267.005
-33 18.9474 276.377
-33 23.6842 298.37
-33 28.4211 357.003
-33 33.1579 293.742
-33 37.8947 201.788
-33 42.6316 145.577
-33 47.3684 218.534
-33 52.1053 229.331
-33 56.8421 296.317
-33 61.5789 137.346
-33 66.3158 124.763
-33 71.0526 84.5682
-33 75.7895 46.8613
-33 80.5263 -37.5975
-33 85.2632 -143.511
-33 90 -211.9
-33 94.7368 -292.054
-33 99.4737 -333.131
-33 104.211 -429.021
-33 108.947 -449.843
-33 113.684 -395.169
-33 118.421 -340.188
-33 123.158 -320.976
-33 127.895 -236.681
-33 132.632 -237.063
-33 137.368 -64.858
-33 142.105 68.0699
-33 146.842 167.886
-33 151.579 307.448
-33 156.316 452.381
-33 161.053 341.862
-33 165.789 315.424
-33 170.526 352.093
-33 175.263 407.518
-33 180 468.368
-33 184.737 304.49
-33 189.474 124.571
-33 194.211 72.0883
-33 198.947 52.3179
-33 203.684 12.0881
-33 208.421 -23.7633
-33 213.158 -49.9859
-33 217.895 -86.0005
-33 222.632 -121.792
-33 227.368 -119.235
-33 232.105 -117.97
-33 236.842 -107.813
-33 241.579 -115.268
-33 246.316 -103.609
-33 251.053 -98.2191
-33 255.789 -66.0328
-33 260.526 -55.8101
-33 265.263 -77.1154
-33 270 -36.1648
-33 274.737 -16.9914
-33 279.474 18.095
-33 284.211 90.4434
-33 288.947 330.126
-33 293.684 328.059
-33 298.421 211.804
-33 303.158 172.132
-33 307.895 66.2228
-33 312.632 -32.072
-33 317.368 -75.046
-33 322.105 -54.0064
-33 326.842 28.4781
-33 331.579 116.251
-33 336.316 142.345
-33 341.053 138.036
-33 345.789 208.224
-33 350.526 185.492
-33 355.263 243.417
-36 0 188.124
-36 5 208.239
-36 10 244.279
-36 15 264.529
-36 20 325.397
-36 25 277.649
-36 30 291.16
-36 35 305.368
-36 40 271.45
-36 45 336.864
-36 50 328.146
-36 55 373.015
-36 60 238.458
-36 65 189.272
-36 70 145.91
-36 75 114.533
-36 80 60.1821
-36 85 -44.6738
-36 90 -131.389
-36 95 -226.607
-36 100 -304.921
-36 105 -403.31
-36 110 -473.014
-36 115 -439.409
-36 120 -451.543
-36 125 -384.95
-36 130 -330.818
-36 135 -290.186
-36 140 -43.5238
-36 145 92.8085
-36 150 203.707
-36 155 238.505
-36 160 182.163
-36 165 270.84
-36 170 285.183
-36 175 395.213
-36 180 309.278
-36 185 228.297
-36 190 101.288
-36 195 57.2715
-36 200 1.26951
-36 205 -23.4461
-36 210 -36.4767
-36 215 -70.2874
-36 220 -109.03
-36 225 -123.219
-36 230 -109.112
-36 235 -93.402
-36 240 -116.473
-36 245 -130.439
-36 250 -89.9182
-36 255 -45.3448
-36 260 -46.1195
-36 265 -86.9031
-36 270 -62.7987
-36 275 -67.738
-36 280 36.0684
-36 285 113.425
-36 290 242.919
-36 295 187.796
-36 300 166.612
-36 305 117.151
-36 310 -25.2071
-36 315 -61.4639
-36 320 -57.6503
-36 325 -27.934
-36 330 59.6753
-36 335 160.064
-36 340 163.195
-36 345 184.484
-36 350 189.133
-36 355 212.258
-39 0 208.63
-39 5.29412 196.957
-39 10.5882 252.797
-39 15.8824 289.467
-39 21.1765 298.571
-39 26.4706 336.588
-39 31.7647 319.748
-39 37.0588 324.029
-39 42.3529 422.286
-39 47.6471 433.335
-39 52.9412 346.929
-39 58.2353 279.186
-39 63.5294 228.309
-39 68.8235 206.978
-39 74.1176 152.505
-39 79.4118 100.676
-39 84.7059 39.4169
-39 90 -47.0069
-39 95.2941 -149.06
-39 100.588 -251.44
-39 105.882 -339.906
-39 111.176 -373.92
-39 116.471 -371.417
-39 121.765 -363.575
-39 127.059 -321.683
-39 132.353 -273.547
-39 137.647 -179.091
-39 142.941 21.3452
-39 148.235 130.738
-39 153.529 107.146
-39 158.824 101.12
-39 164.118 153.957
-39 169.412 258.933
-39 174.706 298.861
-39 180 255.185
-39 185.294 141.328
-39 190.588 48.4119
-39 195.882 10.3549
-39 201.176 -23.0295
-39 206.471 -25.8098
-39 211.765 -67.8713
-39 217.059 -93.1181
-39 222.353 -123.836
-39 227.647 -125.919
-39 232.941 -107.862
-39 238.235 -111.352
-39 243.529 -116.917
-39 248.824 -78.7422
-39 254.118 -74.813
-39 259.412 -65.771
-39 264.706 -55.2358
-39 270 -32.486
-39 275.294 -7.97355
-39 280.588 50.1109
-39 285.882 79.7491
-39 291.176 144.227
-39 296.471 114.556
-39 301.765 99.3577
-39 307.059 -1.94303
-39 312.353 -57.4529
-39 317.647 -70.684
-39 322.941 -48.5472
-39 328.235 36.1405
-39 333.529 133.566
-39 338.824 153.033
-39 344.118 171.338
-39 349.412 191.434
-39 354.706 199.757
-42 0 251.612
-42 5.625 203.662
-42 11.25 277.886
-42 16.875 312.228
-42 22.5 328.238
-42 28.125 366.775
-42 33.75 356.55
-42 39.375 410.201
-42 45 435.497
-42 50.625 398.15
-42 56.25 326.482
-42 61.875 270.091
-42 67.5 252.611
-42 73.125 203.031
-42 78.75 166.848
-42 84.375 134.157
-42 90 30.1507
-42 95.625 -82.4571
-42 101.25 -197.844
-42 106.875 -270.017
-42 112.5 -316.956
-42 118.125 -306.219
-42 123.75 -283.139
-42 129.375 -266.522
-42 135 -194.335
-42 140.625 -95.5956
-42 146.25 151.984
-42 151.875 20.7685
-42 157.5 10.5965
-42 163.125 91.6245
-42 168.75 162.652
-42 174.375 116.959
-42 180 144.713
-42 185.625 91.5007
-42 191.25 -19.7741
-42 196.875 -55.5688
-42 202.5 -67.2085
-42 208.125 -71.7148
-42 213.75 -103.478
-42 219.375 -120.935
-42 225 -122.631
-42 230.625 -114.845
-42 236.25 -96.1354
-42 241.875 -106.723
-42 247.5 -72.6401
-42 253.125 -65.9934
-42 258.75 -63.9786
-42 264.375 -48.7302
-42 270 -15.4361
-42 275.625 61.4941
-42 281.25 88.338
-42 286.875 112.643
-42 292.5 193.931
-42 298.125 81.1695
-42 303.75 -13.3838
-42 309.375 -44.9795
-42 315 -60.2028
-42 320.625 -75.6639
-42 326.25 -26.0175
-42 331.875 96.8568
-42 337.5 158.744
-42 343.125 215.834
-42 348.75 221.849
-42 354.375 204.757
-45 0 225.002
-45 6 204.882
-45 12 247.772
-45 18 328.47
-45 24 340.062
-45 30 355.055
-45 36 459.086
-45 42 407.565
-45 48 397.414
-45 54 386.653
-45 60 324.193
-45 66 279.888
-45 72 264.748
-45 78 216.143
-45 84 159.282
-45 90 78.7888
-45 96 -14.4754
-45 102 -129.07
-45 108 -210.812
-45 114 -260.968
-45 120 -251.947
-45 126 -246.975
-45 132 -211.496
-45 138 -143.735
-45 144 -45.9668
-45 150 -15.8325
-45 156 -23.1363
-45 162 49.8388
-45 168 220.308
-45 174 71.3164
-45 180 41.1767
-45 186 8.83804
-45 192 -98.1807
-45 198 -105.072
-45 204 -109.754
-45 210 -92.8336
-45 216 -102.234
-45 222 -127.672
-45 228 -116.102
-45 234 -86.7048
-45 240 -84.2618
-45 246 -74.5905
-45 252 -48.0532
-45 258 -46.0902
-45 264 -25.5824
-45 270 23.0093
-45 276 50.9308
-45 282 103.292
-45 288 183.359
-45 294 101.524
-45 300 84.3138
-45 306 -10.0623
-45 312 -53.9238
-45 318 -45.6162
-45 324 -41.8581
-45 330 58.0584
-45 336 163.218
-45 342 220.243
-45 348 219.464
-45 354 240.575
-48 0 211.8
-48 6.42857 197.904
-48 12.8571 241.736
-48 19.2857 313.397
-48 25.7143 344.043
-48 32.1429 371.745
-48 38.5714 371.028
-48 45 379.805
-48 51.4286 387.701
-48 57.8571 372.736
-48 64.2857 269.19
-48 70.7143 326.282
-48 77.1429 267.867
-48 83.5714 196.37
-48 90 114.955
-48 96.4286 32.3748
-48 102.857 -65.863
-48 109.286 -152.2
-48 115.714 -209.323
-48 122.143 -217.26
-48 128.571 -211.686
-48 135 -168.096
-48 141.429 -115.717
-48 147.857 -53.6238
-48 154.286 -92.5516
-48 160.714 -29.1633
-48 167.143 104.647
-48 173.571 5.40037
-48 180 19.796
-48 186.429 -105.273
-48 192.857 -141.892
-48 199.286 -158.475
-48 205.714 -109.792
-48 212.143 -40.1152
-48 218.571 -136.547
-48 225 -153.607
-48 231.429 -115.594
-48 237.857 -80.2129
-48 244.286 -78.3908
-48 250.714 -76.3622
-48 257.143 -74.9722
-48 263.571 -53.6739
-48 270 99.2453
-48 276.429 26.5547
-48 282.857 5.39973
-48 289.286 117.627
-48 295.714 72.4384
-48 302.143 26.6773
-48 308.571 -2.97217
-48 315 -18.2601
-48 321.429 -14.2796
-48 327.857 43.1312
-48 334.286 129.145
-48 340.714 222.831
-48 347.143 245.28
-48 353.571 246.897
-51 0 197.321
-51 6.92308 236.414
-51 13.8461 273.562
-51 20.7692 304.509
-51 27.6923 366.472
-51 34.6154 374.465
-51 41.5385 398.364
-51 48.4615 381.947
-51 55.3846 396.842
-51 62.3077 341.631
-51 69.2308 244.379
-51 76.1539 288.002
-51 83.0769 237.284
-51 90 131.547
-51 96.9231 49.3617
-51 103.846 -30.5522
-51 110.769 -121.332
-51 117.692 -173.239
-51 124.615 -208.824
-51 131.538 -180.428
-51 138.462 -158.895
-51 145.385 -72.2908
-51 152.308 -104.981
-51 159.231 -69.6878
-51 166.154 10.6561
-51 173.077 -81.2164
-51 180 -161.161
-51 186.923 -194.625
-51 193.846 -189.974
-51 200.769 -181.966
-51 207.692 -150.208
-51 214.615 -156.936
-51 221.538 -160.183
-51 228.462 -145.416
-51 235.385 -101.668
-51 242.308 -74.6505
-51 249.231 -76.5684
-51 256.154 -91.306
-51 263.077 -64.0324
-51 270 -19.3072
-51 276.923 -5.01138
-51 283.846 -2.58836
-51 290.769 27.2949
-51 297.692 34.44
-51 304.615 110.288
-51 311.538 140.845
-51 318.462 80.9779
-51 325.385 25.8662
-51 332.308 113.961
-51 339.231 185.57
-51 346.154 205.536
-51 353.077 251.511
-54 0 218.153
-54 7.5 294.035
-54 15 269.937
-54 22.5 314.875
-54 30 310.615
-54 37.5 377.225
-54 45 373.121
-54 52.5 353.108
-54 60 401.881
-54 67.5 335.012
-54 75 336.205
-54 82.5 274.687
-54 90 156.758
-54 97.5 103.571
-54 105 -5.12056
-54 112.5 -126.032
-54 120 -190.429
-54 127.5 -200.026
-54 135 -190.148
-54 142.5 -138.452
-54 150 -130.679
-54 157.5 -175.072
-54 165 -159.73
-54 172.5 -255.644
-54 180 -282.991
-54 187.5 -269.142
-54 195 -221.176
-54 202.5 -211.824
-54 210 -170.5
-54 217.5 -170.044
-54 225 -105.617
-54 232.5 -117.733
-54 240 -79.5168
-54 247.5 -90.278
-54 255 -103.918
-54 262.5 -89.5109
-54 270 -60.3666
-54 277.5 -47.9693
-54 285 -29.32
-54 292.5 55.0787
-54 300 41.0503
-54 307.5 274.761
-54 315 178.288
-54 322.5 246.541
-54 330 116.486
-54 337.5 181.558
-54 345 184.435
-54 352.5 204.442
-57 0 161.198
-57 8.18182 166.659
-57 16.3636 253.433
-57 24.5454 264.735
-57 32.7273 288.701
-57 40.9091 352.774
-57 49.0909 348.012
-57 57.2727 366.329
-57 65.4545 385.217
-57 73.6364 293.409
-57 81.8182 199.315
-57 90 163.758
-57 98.1818 202.252
-57 106.364 -14.564
-57 114.545 -144.789
-57 122.727 -210.955
-57 130.909 -227.06
-57 139.091 -206.251
-57 147.273 -157.217
-57 155.455 -189.123
-57 163.636 -295.17
-57 171.818 -353.599
-57 180 -380.693
-57 188.182 -338.456
-57 196.364 -307.298
-57 204.545 -259.266
-57 212.727 -214.188
-57 220.909 -179.112
-57 229.091 -157.99
-57 237.273 -139.197
-57 245.455 -117.557
-57 253.636 -145.622
-57 261.818 -139.918
-57 270 -96.6692
-57 278.182 -65.7497
-57 286.364 12.1867
-57 294.545 62.7118
-57 302.727 116.49
-57 310.909 156.038
-57 319.091 119.638
-57 327.273 114.449
-57 335.455 -243.934
-57 343.636 167.98
-57 351.818 209.983
-60 0 95.4898
-60 9 183.584
-60 18 233.53
-60 27 255.787
-60 36 296.941
-60 45 318.608
-60 54 320.376
-60 63 333.147
-60 72 243.336
-60 81 243.791
-60 90 105.595
-60 99 41.2359
-60 108 -59.7114
-60 117 -174.428
-60 126 -240.087
-60 135 -276.719
-60 144 -262.205
-60 153 -224.933
-60 162 -323.074
-60 171 -385.977
-60 180 -380.86
-60 189 -394.473
-60 198 -362.275
-60 207 -296.897
-60 216 -278.174
-60 225 -256.163
-60 234 -215.614
-60 243 -193.661
-60 252 -230.614
-60 261 -169.821
-60 270 -149.474
-60 279 -74.4075
-60 288 -13.5407
-60 297 111.196
-60 306 105.509
-60 315 -126.002
-60 324 69.4633
-60 333 -42.7428
-60 342 142.79
-60 351 117.307
-63 0 75.8516
-63 10 181.439
-63 20 188.897
-63 30 250.383
-63 40 294.576
-63 50 270.594
-63 60 301.237
-63 70 213.468
-63 80 136.027
-63 90 73.4142
-63 100 -34.4857
-63 110 -127.436
-63 120 -225.334
-63 130 -317.171
-63 140 -357.478
-63 150 -333.384
-63 160 -337.173
-63 170 -382.184
-63 180 -447.278
-63 190 -433.47
-63 200 -378.563
-63 210 -347.206
-63 220 -332.388
-63 230 -326.518
-63 240 -266.647
-63 250 -245.844
-63 260 -196.961
-63 270 -137.433
-63 280 -74.9279
-63 290 26.8334
-63 300 120.424
-63 310 81.1813
-63 320 50.2409
-63 330 42.2766
-63 340 45.998
-63 350 66.6177
-66 0 67.651
-66 11.25 130.232
-66 22.5 168.82
-66 33.75 290.38
-66 45 233.596
-66 56.25 324.387
-66 67.5 181.579
-66 78.75 55.5538
-66 90 91.7514
-66 101.25 18.7705
-66 112.5 -127.281
-66 123.75 -231.522
-66 135 -341.482
-66 146.25 -297.393
-66 157.5 -409.632
-66 168.75 -497.742
-66 180 -590.093
-66 191.25 -493.749
-66 202.5 -437.871
-66 213.75 -403.118
-66 225 -391.021
-66 236.25 -321.4
-66 247.5 -271.112
-66 258.75 -217.198
-66 270 -133.541
-66 281.25 -58.3292
-66 292.5 78.1319
-66 303.75 127.502
-66 315 70.4487
-66 326.25 34.2677
-66 337.5 24.4019
-66 348.75 35.1851
-69 0 30.2416
-69 12.8571 70.8074
-69 25.7143 134.122
-69 38.5714 140.023
-69 51.4286 296.492
-69 64.2857 240.46
-69 77.1429 90.5426
-69 90 108.393
-69 102.857 -21.8934
-69 115.714 -166.646
-69 128.571 -333.517
-69 141.429 -278.026
-69 154.286 -476.085
-69 167.143 -558.24
-69 180 -641.424
-69 192.857 -578.574
-69 205.714 -509.882
-69 218.571 -466.842
-69 231.429 -367.401
-69 244.286 -284.538
-69 257.143 -233.88
-69 270 -78.2052
-69 282.857 20.6357
-69 295.714 106.365
-69 308.571 -0.780231
-69 321.429 -5.36689
-69 334.286 4.9045
-69 347.143 26.8686
-72 0 71.8723
-72 15 148.931
-72 30 76.1851
-72 45 192.013
-72 60 221.097
-72 75 107.887
-72 90 47.242
-72 105 -142.308
-72 120 -189.152
-72 135 -285.165
-72 150 -503.431
-72 165 -568.423
-72 180 -667.702
-72 195 -620.332
-72 210 -542.264
-72 225 -458.095
-72 240 -304.869
-72 255 -254.514
-72 270 -164.797
-72 285 -19.0914
-72 300 -21.6671
-72 315 -47.6452
-72 330 -36.3956
-72 345 132.55
-75 0 95.3881
-75 18 119.929
-75 36 122.24
-75 54 166.341
-75 72 64.3423
-75 90 50.9531
-75 108 -73.9371
-75 126 -244.562
-75 144 -471.706
-75 162 -611.259
-75 180 -655.842
-75 198 -606.26
-75 216 -410.141
-75 234 -359.725
-75 252 -268.694
-75 270 -161.522
-75 288 -31.6538
-75 306 -93.0904
-75 324 62.488
-75 342 -6.18436
-78 0 -23.1985
-78 22.5 52.7855
-78 45 81.1759
-78 67.5 127.378
-78 90 52.6635
-78 112.5 -109.447
-78 135 -398.969
-78 157.5 -514.258
-78 180 -584.965
-78 202.5 -505.476
-78 225 -382.108
-78 247.5 -286.174
-78 270 -131.276
-78 292.5 -153.629
-78 315 -130.247
-78 337.5 -68.933
-81 0 20.0845
-81 30 51.855
-81 60 77.128
-81 90 23.1468
-81 120 -248.871
-81 150 -509.509
-81 180 -508.54
-81 210 -464.737
-81 240 -352.957
-81 270 -180.224
-81 300 -221.651
-81 330 -163.325
-84 0 -93.4461
-84 45 -116.752
-84 90 -129.016
-84 135 -331.008
-84 180 -453.356
-84 225 -414.233
-84 270 -247.452
-84 315 -163.749
-87 0 -239.455
-87 90 -264.976
-87 180 -322.246
-87 270 -295.96
-90 0 -376.778
